"","Subtype","Provider","Name","Council","Grades published","Setting","Staffing","Leadership","Care and play","Complaints upheld since 22/23","Total"
"1","Under 3s","Private","Sunflower Nursery 2","West Dunbartonshire","15/08/2019",5,4,5,5,0,19
"2","Under 3s","Private","University of Dundee Nursery","Dundee City","17/01/2024",4,4,4,3,0,15
"3","Over 3s","Voluntary or Not for Profit","Glebelands Out Of School Care Club","Dundee City","22/06/2022",4,5,4,5,0,18
"4","Over 3s","Voluntary or Not for Profit","Kids Fun House","Dundee City","31/03/2023",4,5,4,5,0,18
"5","Under 3s","Private","Kiddycare Day Nursery","Dundee City","20/05/2024",3,4,4,3,0,14
"6","Over 3s","Voluntary or Not for Profit","Happy Hours Out Of School Club","Dundee City","05/06/2023",3,4,3,3,0,13
"7","Over 3s","Voluntary or Not for Profit","Menzieshill Out of School Care Club","Dundee City","01/06/2023",5,5,4,5,0,19
"8","Under 3s","Private","Nursery Rhymes","Dundee City","04/10/2019",4,5,4,5,0,18
"9","Under 3s","Health Board","Little Acorns Day Nursery","Aberdeen City","08/07/2024",5,5,5,5,1,20
"10","Under 3s","Voluntary or Not for Profit","Milltimber Playgroup","Aberdeen City","05/02/2020",4,4,4,4,0,16
"11","Under 3s","Private","Abacus Pre-school Nursery - King Street","Aberdeen City","18/10/2021",5,5,5,5,0,20
"12","Under 3s","Voluntary or Not for Profit","Peterculter Playgroup","Aberdeen City","01/03/2024",4,4,4,4,0,16
"13","Under 3s","Voluntary or Not for Profit","Midstocket Playgroup","Aberdeen City","20/08/2024",4,4,5,5,0,18
"14","Under 3s","Voluntary or Not for Profit","St. Devenicks Playgroup","Aberdeen City","22/04/2024",4,5,5,4,0,18
"15","Under 3s","Private","Step By Step Pre-school Nursery","Aberdeen City","19/08/2019",5,4,5,5,0,19
"16","Under 3s","Health Board","Woodend Nursery","Aberdeen City","20/12/2023",5,5,5,5,0,20
"17","Over 3s","Local Authority","Cults Out of School Care","Aberdeen City","18/09/2019",4,4,4,5,0,17
"18","Over 3s","Voluntary or Not for Profit","Dyce Out Of School Club","Aberdeen City","09/08/2017",4,4,4,4,0,16
"19","Over 3s","Local Authority","Culter Out of School Care","Aberdeen City","09/01/2024",5,5,4,5,0,19
"20","Over 3s","Local Authority","Cornhill Out of School Care","Aberdeen City","19/05/2023",4,4,4,4,0,16
"21","Over 3s","Local Authority","Ferryhill Out of School Care","Aberdeen City","18/10/2017",4,4,4,4,0,16
"22","Over 3s","Voluntary or Not for Profit","First Class Out Of School Scheme","Aberdeen City","23/04/2024",4,5,4,4,0,17
"23","Over 3s","Local Authority","Kirkhill Out of School Care","Aberdeen City","04/09/2020",4,4,4,4,0,16
"24","Over 3s","Local Authority","Mile End Out Of School Care","Aberdeen City","26/05/2017",5,5,5,5,0,20
"25","Over 3s","Voluntary or Not for Profit","Woodside Partnership Out Of School Care Service","Aberdeen City","25/11/2019",4,4,4,4,0,16
"26","Under 3s","Voluntary or Not for Profit","Fersands Family Centre Nursery & Creche","Aberdeen City","23/03/2020",5,4,4,5,0,18
"27","Over 3s","Voluntary or Not for Profit","Autism & Neurodiversity North Scotland - Aberdeen Playscheme","Aberdeen City","16/08/2023",4,5,5,5,0,19
"28","Under 3s","Voluntary or Not for Profit","Auchenblae Pre-school Group","Aberdeenshire","05/10/2022",5,5,4,5,0,19
"29","Under 3s","Voluntary or Not for Profit","Bourtree Pre-school","Aberdeenshire","17/01/2024",4,5,4,4,0,17
"30","Under 3s","Voluntary or Not for Profit","Glenbervie Pre-School","Aberdeenshire","28/11/2017",4,5,4,5,0,18
"31","Under 3s","Voluntary or Not for Profit","Inverbervie Pre-school Group","Aberdeenshire","26/06/2023",4,5,5,5,0,19
"32","Over 3s","Voluntary or Not for Profit","Laurencekirk Out Of School Club (loosc)","Aberdeenshire","07/11/2019",5,4,4,4,0,17
"33","Under 3s","Voluntary or Not for Profit","The Hut - Lumphanan Preschool","Aberdeenshire","27/02/2024",5,5,4,5,0,19
"34","Over 3s","Voluntary or Not for Profit","Newtonhill Out of School Club","Aberdeenshire","26/06/2023",4,4,4,4,0,16
"35","Under 3s","Voluntary or Not for Profit","Torphins Playgroup","Aberdeenshire","13/11/2019",4,4,4,4,0,16
"36","Over 3s","Voluntary or Not for Profit","Auchnagatt & District Pre-School Centre","Aberdeenshire","09/08/2023",4,4,4,4,0,16
"37","Under 3s","Voluntary or Not for Profit","Auchterless Pre-school Playgroup","Aberdeenshire","21/09/2023",4,4,4,4,0,16
"38","Under 3s","Voluntary or Not for Profit","Crudie Playgroup","Aberdeenshire","05/08/2021",4,4,4,4,0,16
"39","Under 3s","Voluntary or Not for Profit","Gardenstown Playschool","Aberdeenshire","13/11/2023",3,4,4,4,0,15
"40","Over 3s","Voluntary or Not for Profit","Hatton Playgroup","Aberdeenshire","19/02/2024",4,4,4,4,0,16
"41","Under 3s","Voluntary or Not for Profit","Auld Kirk Nursery","Aberdeenshire","23/05/2023",4,5,5,4,0,18
"42","Over 3s","Private","Scoobys After School Club","Aberdeenshire","03/07/2023",4,4,4,4,0,16
"43","Under 3s","Voluntary or Not for Profit","St. Kanes Early Learning and Childcare Centre","Aberdeenshire","25/01/2022",4,4,4,4,0,16
"44","Under 3s","Voluntary or Not for Profit","Strichen Playgroup","Aberdeenshire","29/10/2019",5,5,5,5,0,20
"45","Under 3s","Voluntary or Not for Profit","Stuartfield Preschool Group","Aberdeenshire","14/03/2024",4,5,4,4,0,17
"46","Under 3s","Voluntary or Not for Profit","Turriff Playgroup Ltd","Aberdeenshire","14/11/2019",4,4,5,5,0,18
"47","Under 3s","Voluntary or Not for Profit","Denman Pre-school","Aberdeenshire","08/12/2022",4,4,4,4,0,16
"48","Under 3s","Voluntary or Not for Profit","Gordon Park Early Learning and Childcare","Aberdeenshire","06/11/2018",4,4,5,5,0,18
"49","Over 3s","Voluntary or Not for Profit","Inverurie Out Of School Club","Aberdeenshire","27/01/2023",5,5,5,4,0,19
"50","Over 3s","Voluntary or Not for Profit","Kemnay Breakfast and After School Club","Aberdeenshire","12/12/2023",4,4,3,4,0,15
"51","Under 3s","Voluntary or Not for Profit","Kiddiwinks Playgroup","Aberdeenshire","27/09/2023",4,4,3,4,0,15
"52","Over 3s","Voluntary or Not for Profit","Meldrum After School Klub (mask)","Aberdeenshire","23/05/2023",4,4,4,4,0,16
"53","Under 3s","Voluntary or Not for Profit","Monymusk Playgroup","Aberdeenshire","13/07/2022",5,5,5,5,0,20
"54","Under 3s","Voluntary or Not for Profit","Newburgh Preschool","Aberdeenshire","02/07/2018",4,5,4,5,0,18
"55","Over 3s","Private","Newmachar After School Club","Aberdeenshire","05/03/2024",4,3,2,3,0,12
"56","Under 3s","Voluntary or Not for Profit","Old Rayne Preschool","Aberdeenshire","05/05/2020",4,4,4,4,0,16
"57","Under 3s","Voluntary or Not for Profit","Scout Hall Playgroup","Aberdeenshire","30/04/2024",4,5,4,4,0,17
"58","Over 3s","Voluntary or Not for Profit","St. Andrews Church Playgroup","Aberdeenshire","15/11/2019",5,5,4,5,0,19
"59","Under 3s","Voluntary or Not for Profit","Strathburn Park Playgroup","Aberdeenshire","21/12/2022",4,4,4,4,0,16
"60","Under 3s","Voluntary or Not for Profit","Udny Station Pre-School Playgroup","Aberdeenshire","03/10/2023",4,4,4,4,0,16
"61","Over 3s","Voluntary or Not for Profit","Angus Special Playscheme - Coastal","Angus","30/11/2018",4,5,4,5,0,18
"62","Over 3s","Voluntary or Not for Profit","Angus Special Playscheme 121","Angus","23/08/2019",5,5,5,5,0,20
"63","Over 3s","Voluntary or Not for Profit","Carlogie Fun Club","Angus","06/06/2023",5,5,4,5,0,19
"64","Under 3s","Voluntary or Not for Profit","Charleston Pre School Playgroup","Angus","23/05/2023",5,5,5,5,0,20
"65","Under 3s","Voluntary or Not for Profit","Chimes Playgroup","Angus","16/04/2024",4,4,4,4,0,16
"66","Under 3s","Private","Ferryden Playgroup","Angus","24/05/2024",5,5,5,5,0,20
"67","Under 3s","Voluntary or Not for Profit","Friockheim & Kinnell Playgroup","Angus","27/06/2023",4,4,4,4,0,16
"68","Under 3s","Voluntary or Not for Profit","Grange Pre-School Playgroup","Angus","10/03/2023",4,5,4,4,0,17
"69","Over 3s","Voluntary or Not for Profit","Inverbrothock Out Of School Care Club","Angus","04/12/2023",4,5,5,4,0,18
"70","Under 3s","Voluntary or Not for Profit","Inverbrothock Playgroup","Angus","08/03/2023",5,5,5,4,0,19
"71","Under 3s","Voluntary or Not for Profit","Ladybird Playgroup - Arbroath","Angus","15/04/2019",4,4,4,4,0,16
"72","Over 3s","Voluntary or Not for Profit","Letham Out of School Club","Angus","10/04/2024",4,4,3,3,0,14
"73","Under 3s","Voluntary or Not for Profit","Lochside Playgroup","Angus","17/01/2023",5,5,4,5,0,19
"74","Over 3s","Voluntary or Not for Profit","Monifieth Out Of School Care Club (Grange)","Angus","27/07/2023",5,5,5,5,0,20
"75","Over 3s","Voluntary or Not for Profit","Monifieth Out Of School Care Club (Seaview)","Angus","10/05/2023",5,5,4,4,0,18
"76","Under 3s","Voluntary or Not for Profit","Mothergoose Playgroup","Angus","11/01/2023",5,4,5,4,0,18
"77","Under 3s","Voluntary or Not for Profit","Muirfield Playgroup","Angus","30/06/2022",5,5,5,5,0,20
"78","Under 3s","Voluntary or Not for Profit","Panmure Pre School","Angus","10/02/2023",5,5,5,5,0,20
"79","Under 3s","Private","Rompers Nursery","Angus","17/09/2019",6,4,6,4,0,20
"80","Under 3s","Private","Stepping Stones Playgroup","Angus","15/02/2023",4,4,4,4,0,16
"81","Under 3s","Voluntary or Not for Profit","Sunshine Play School","Angus","21/03/2023",5,4,5,5,0,19
"82","Under 3s","Private","Hayshead Playgroup","Angus","19/12/2022",5,5,5,5,0,20
"83","Under 3s","Voluntary or Not for Profit","Meadows Under Fives Group","Argyll & Bute","14/08/2023",4,5,5,5,0,19
"84","Under 3s","Voluntary or Not for Profit","Patchwork 2-5 Nursery","Argyll & Bute","07/11/2018",4,4,4,4,0,16
"85","Under 3s","Voluntary or Not for Profit","Clyde Cottage Nursery","Argyll & Bute","30/11/2023",4,4,4,4,0,16
"86","Under 3s","Voluntary or Not for Profit","Soroba Young Family Centre","Argyll & Bute","26/06/2018",4,4,4,4,0,16
"87","Over 3s","Voluntary or Not for Profit","Schools Out Oban","Argyll & Bute","26/09/2019",5,5,4,5,0,19
"88","Under 3s","Private","Oban's 1st Steps Day Nursery Ltd.","Argyll & Bute","24/06/2019",4,4,4,4,0,16
"89","Under 3s","Private","Mulberry Bush Nursery","Argyll & Bute","29/11/2019",6,5,4,5,0,20
"90","Under 3s","Private","Clyde Nursery","Argyll & Bute","15/08/2022",5,5,4,4,0,18
"91","Under 3s","Private","Nursery Rhymes Childcare Ltd","Argyll & Bute","02/08/2023",4,4,4,4,0,16
"92","Over 3s","Voluntary or Not for Profit","Alva Play Pals Out Of School Care","Clackmannanshire","20/12/2022",5,4,4,5,0,18
"93","Over 3s","Local Authority","Kidzone Out Of School Care","Clackmannanshire","28/05/2024",5,5,5,5,0,20
"94","Under 3s","Voluntary or Not for Profit","Bellsbank Project Creche","East Ayrshire","01/03/2023",4,4,4,4,0,16
"95","Under 3s","Voluntary or Not for Profit","The Avenue Childcare Services - Daycare of Children","East Ayrshire","22/07/2019",4,5,4,5,0,18
"96","Over 3s","Voluntary or Not for Profit","Bellfield Before & After School Care","East Ayrshire","20/06/2024",4,4,3,4,0,15
"97","Over 3s","Voluntary or Not for Profit","PEACE Dunlop Schools Out","East Ayrshire","01/08/2022",4,4,4,4,0,16
"98","Over 3s","Voluntary or Not for Profit","St. Mary's Nursery","East Dunbartonshire","07/11/2018",5,5,5,5,0,20
"99","Over 3s","Voluntary or Not for Profit","Bishopbriggs Village Nursery","East Dunbartonshire","07/01/2019",5,5,5,5,0,20
"100","Under 3s","Private","Auchinairn After School Care","East Dunbartonshire","06/01/2023",6,5,5,6,0,22
"101","Over 3s","Voluntary or Not for Profit","Cumbernauld YMCA - POMP Lenzie Meadow","East Dunbartonshire","17/05/2024",4,4,4,4,0,16
"102","Under 3s","Private","Cedar Nursery","East Dunbartonshire","12/09/2019",4,4,4,5,0,17
"103","Under 3s","Private","Happitots Day Nursery - Bishopbriggs","East Dunbartonshire","24/11/2023",2,3,3,3,1,11
"104","Over 3s","Private","Step By Step Out Of School Club","East Dunbartonshire","11/03/2019",5,5,6,6,0,22
"105","Over 3s","Voluntary or Not for Profit","Cumbernauld YMCA - Colquhoun Park OSC (POMP)","East Dunbartonshire","19/09/2023",4,3,3,4,0,14
"106","Over 3s","Private","BPC Karemore Out of School Club","East Dunbartonshire","25/01/2018",5,5,5,6,0,21
"107","Over 3s","Private","Cedar After School Care","East Dunbartonshire","20/01/2022",4,4,4,4,0,16
"108","Under 3s","Voluntary or Not for Profit","Maxholme Nursery School","East Dunbartonshire","13/01/2020",5,5,5,5,0,20
"109","Under 3s","Voluntary or Not for Profit","Baldernock Childcare","East Dunbartonshire","18/02/2020",5,5,5,5,0,20
"110","Over 3s","Voluntary or Not for Profit","Time Out Club, Milngavie","East Dunbartonshire","21/01/2020",5,5,5,5,0,20
"111","Under 3s","Private","The Bearsden Nursery","East Dunbartonshire","29/05/2024",3,4,4,4,0,15
"112","Over 3s","Voluntary or Not for Profit","Time Out Club, Castlehill","East Dunbartonshire","16/10/2019",5,4,5,5,0,19
"113","Over 3s","Voluntary or Not for Profit","Bearsden Primary After School Club","East Dunbartonshire","03/10/2023",5,4,4,4,0,17
"114","Under 3s","Private","Craighead Childcare Centre","East Dunbartonshire","21/01/2022",5,5,5,5,0,20
"115","Over 3s","Voluntary or Not for Profit","Time Out Club, Craigdhu","East Dunbartonshire","27/02/2020",5,4,5,5,0,19
"116","Under 3s","Private","Happy Days","East Dunbartonshire","26/06/2024",2,4,3,3,1,12
"117","Over 3s","Private","MACS Eastwood","East Renfrewshire","05/08/2019",5,5,5,5,0,20
"118","Over 3s","Voluntary or Not for Profit","Braidbar After School Care","East Renfrewshire","07/02/2020",5,4,5,4,0,18
"119","Over 3s","Voluntary or Not for Profit","Broom Nursery","East Renfrewshire","30/06/2017",4,4,4,4,0,16
"120","Under 3s","Voluntary or Not for Profit","Clarkston Nursery","East Renfrewshire","13/12/2018",4,4,4,5,0,17
"121","Over 3s","Private","Schools' Out!","East Renfrewshire","16/05/2017",4,4,4,4,0,16
"122","Over 3s","Local Authority","East Renfrewshire CHCP Holiday Programme and Inclusive Support Service","East Renfrewshire","04/10/2022",5,5,4,5,0,19
"123","Over 3s","Voluntary or Not for Profit","Cosgrove Care Playscheme","East Renfrewshire","25/04/2018",5,5,4,4,0,18
"124","Under 3s","Private","Kirkhillgait Nursery","East Renfrewshire","10/10/2023",4,4,4,4,0,16
"125","Over 3s","Private","MACS Carolside","East Renfrewshire","21/08/2018",5,5,5,5,0,20
"126","Over 3s","Private","MACS St Cadoc's","East Renfrewshire","04/03/2024",5,4,5,5,0,19
"127","Under 3s","Private","Elmwood Nursery","East Renfrewshire","18/05/2022",4,4,4,4,0,16
"128","Over 3s","Private","MACS Kirkhill","East Renfrewshire","03/10/2017",5,5,5,6,0,21
"129","Over 3s","Private","MACS Neilston","East Renfrewshire","18/12/2023",4,5,5,5,0,19
"130","Under 3s","Private","Duchal Nursery School","Inverclyde","14/02/2022",4,4,4,4,0,16
"131","Under 3s","Private","Madeira Nursery","Inverclyde","13/06/2023",3,3,3,3,0,12
"132","Under 3s","Voluntary or Not for Profit","West Kilbride Early Years Centre","North Ayrshire","07/08/2019",4,5,5,5,0,19
"133","Under 3s","Voluntary or Not for Profit","Douglas Park Nursery","North Ayrshire","26/06/2018",4,4,4,4,0,16
"134","Under 3s","Private","Rainbow Childcare","North Ayrshire","16/01/2023",5,5,5,5,1,20
"135","Under 3s","Private","Busy Bees Nursery","North Ayrshire","20/12/2019",5,5,5,6,0,21
"136","Over 3s","Voluntary or Not for Profit","West Kilbride Out of School","North Ayrshire","16/01/2023",4,4,4,4,0,16
"137","Under 3s","Private","First Steps Nursery","North Ayrshire","25/03/2024",5,4,4,4,1,17
"138","Over 3s","Voluntary or Not for Profit","Girdle Toll Out of School Care (Annick)","North Ayrshire","14/05/2019",4,4,4,4,0,16
"139","Over 3s","Private","Dalry Out Of School Care","North Ayrshire","28/09/2020",4,4,4,4,0,16
"140","Over 3s","Voluntary or Not for Profit","Girdle Toll Out of School Care (Lawthorn)","North Ayrshire","17/01/2019",4,4,4,4,0,16
"141","Under 3s","Private","The Bumble Bee Nursery","North Lanarkshire","12/12/2019",5,5,5,5,0,20
"142","Under 3s","Private","Firtrees Nursery & Out of School Care","North Lanarkshire","14/06/2024",4,4,4,4,4,16
"143","Under 3s","Voluntary or Not for Profit","YMCA Bellshill & Mossend","North Lanarkshire","20/12/2023",4,5,3,4,0,16
"144","Under 3s","Private","Fullwood Nursery","North Lanarkshire","27/01/2020",4,5,5,5,0,19
"145","Under 3s","Private","First Class Day Nursery","North Lanarkshire","08/07/2024",5,5,5,5,0,20
"146","Under 3s","Private","Heathpark Private Nursery","North Lanarkshire","23/10/2023",4,4,4,4,0,16
"147","Under 3s","Private","Mobile Play in Action","North Lanarkshire","17/07/2024",5,4,4,5,0,18
"148","Over 3s","Voluntary or Not for Profit","Oscars Playscheme","North Lanarkshire","02/04/2019",4,5,4,4,0,17
"149","Under 3s","Private","Manor Park Nursery","North Lanarkshire","09/01/2023",4,4,4,4,0,16
"150","Under 3s","Voluntary or Not for Profit","Cumbernauld Campus Nursery, New College Lanarkshire","North Lanarkshire","11/06/2024",4,5,4,5,0,18
"151","Under 3s","Voluntary or Not for Profit","Cumbernauld & Kilsyth Workplace Nursery & OSC - Seafar","North Lanarkshire","27/11/2019",4,5,4,5,0,18
"152","Over 3s","Voluntary or Not for Profit","Cumbernauld YMCA- Kildrum Farm (POMP)","North Lanarkshire","14/02/2024",4,4,4,4,0,16
"153","Under 3s","Private","Snowdrop Nursery","North Lanarkshire","21/08/2024",5,5,5,5,0,20
"154","Over 3s","Voluntary or Not for Profit","St. Helen's Primary Out Of School Care","North Lanarkshire","28/06/2023",4,5,4,4,0,17
"155","Under 3s","Private","Tiny Tots Nursery","North Lanarkshire","29/08/2023",4,5,4,4,0,17
"156","Under 3s","Private","Jennyswell Nursery","Renfrewshire","07/12/2021",4,4,5,4,0,17
"157","Over 3s","Voluntary or Not for Profit","Inchinnan Community Nursery","Renfrewshire","16/05/2018",5,4,5,5,0,19
"158","Under 3s","Private","Happitots Nursery  - Glasgow Airport","Renfrewshire","18/07/2024",4,4,4,4,0,16
"159","Under 3s","Voluntary or Not for Profit","Maxwellton Park Nursery & OSC","Renfrewshire","31/01/2018",5,5,5,5,0,20
"160","Over 3s","Voluntary or Not for Profit","Ralston After School Care","Renfrewshire","07/07/2017",5,4,5,5,0,19
"161","Under 3s","Voluntary or Not for Profit","Rainbow Nursery - Paisley","Renfrewshire","01/03/2024",4,3,2,2,3,11
"162","Over 3s","Private","Williamsburgh Out Of School Care","Renfrewshire","22/12/2016",5,5,4,5,0,19
"163","Under 3s","Private","Carriagehill Nursery","Renfrewshire","16/08/2023",4,4,4,4,0,16
"164","Over 3s","Private","Strawberry Field Out Of School Care","Renfrewshire","20/12/2021",5,4,4,5,0,18
"165","Over 3s","Private","Foxbar Outreach Childcare Services","Renfrewshire","24/10/2022",4,4,4,5,0,17
"166","Over 3s","Private","Jennyswell OSC - Lochfield","Renfrewshire","18/04/2023",4,4,4,4,0,16
"167","Under 3s","Voluntary or Not for Profit","Linwood Community Childcare","Renfrewshire","08/09/2023",5,5,5,5,0,20
"168","Under 3s","Voluntary or Not for Profit","Cherrie Children Daycare","Renfrewshire","03/11/2021",5,4,4,4,0,17
"169","Over 3s","Voluntary or Not for Profit","Johnstone Out Of School Service","Renfrewshire","30/07/2024",5,4,3,4,0,16
"170","Under 3s","Private","Gleniffer Nursery","Renfrewshire","20/07/2023",4,4,4,4,1,16
"171","Over 3s","Private","Momags Kids Club at Arkleston","Renfrewshire","11/09/2023",5,4,4,4,0,17
"172","Under 3s","Voluntary or Not for Profit","Girvan Community Playgroup","South Ayrshire","04/04/2018",4,5,4,4,0,17
"173","Over 3s","Voluntary or Not for Profit","Doonfoot After School Service Committee","South Ayrshire","23/04/2024",4,5,4,4,1,17
"174","Over 3s","Voluntary or Not for Profit","Prestwick After School Care Service","South Ayrshire","17/01/2024",3,3,3,3,0,12
"175","Over 3s","Voluntary or Not for Profit","Alloway After School Club","South Ayrshire","04/03/2024",3,3,3,3,0,12
"176","Under 3s","Private","Riverbank Nursery","South Ayrshire","25/09/2019",5,4,4,4,0,17
"177","Over 3s","Voluntary or Not for Profit","Dunblane Kids Club","Stirling","09/01/2023",4,4,4,4,0,16
"178","Under 3s","Private","Psychology Kindergarten","Stirling","03/07/2024",5,5,5,5,0,20
"179","Under 3s","Voluntary or Not for Profit","Kippen Playgroup and Toddlers","Stirling","17/06/2024",5,5,5,5,0,20
"180","Under 3s","Private","Heron House Early Years Killearn","Stirling","21/03/2024",4,5,5,4,0,18
"181","Under 3s","Private","Acrewood Nursery","Stirling","27/09/2018",5,4,4,4,1,17
"182","Under 3s","Private","The Meadows Nursery School","Stirling","14/08/2023",5,4,4,5,0,18
"183","Under 3s","Local Authority","Creche & Play Programmes","Stirling","09/10/2018",5,5,5,5,0,20
"184","Under 3s","Voluntary or Not for Profit","Gargunnock Playgroup","Stirling","06/09/2023",4,3,3,3,0,13
"185","Under 3s","Voluntary or Not for Profit","Villa Kindergarten","West Dunbartonshire","04/09/2019",4,5,4,5,0,18
"186","Under 3s","Private","Brookland Nursery","West Dunbartonshire","25/04/2023",4,4,4,4,0,16
"187","Under 3s","Private","Carousel Nurseries (Alexandria)","West Dunbartonshire","08/08/2022",4,5,5,5,0,19
"188","Under 3s","Private","Carousel Nurseries (Dumbarton)","West Dunbartonshire","04/04/2023",4,4,4,4,0,16
"189","Under 3s","Private","Seton House Nursery","Glasgow City","26/03/2024",3,2,2,3,0,10
"190","Under 3s","Private","Adelaides Nursery","Glasgow City","15/01/2019",5,4,4,5,0,18
"191","Over 3s","Voluntary or Not for Profit","Dennistoun After School Service","Glasgow City","12/09/2018",4,4,4,5,0,17
"192","Over 3s","Private","St. Thomas's Playgroup","Glasgow City","20/09/2023",4,5,4,4,0,17
"193","Over 3s","Voluntary or Not for Profit","Barlanark Out Of School Care","Glasgow City","30/10/2017",4,5,5,5,0,19
"194","Over 3s","Voluntary or Not for Profit","Centre Playgroup","Glasgow City","22/08/2023",4,4,4,4,0,16
"195","Over 3s","Voluntary or Not for Profit","Buddies Out of School Care","Glasgow City","28/04/2023",5,5,4,5,0,19
"196","Under 3s","Voluntary or Not for Profit","Westbourne Gardens Nursery","Glasgow City","06/01/2020",6,5,5,5,0,21
"197","Over 3s","Voluntary or Not for Profit","Jordanhill Out Of School Service Ltd","Glasgow City","26/08/2021",4,4,4,4,0,16
"198","Over 3s","Voluntary or Not for Profit","Hyndland After School Club","Glasgow City","10/03/2020",5,5,4,5,0,19
"199","Over 3s","Voluntary or Not for Profit","TASC - St Ninian's Primary","Glasgow City","23/09/2020",5,6,5,6,0,22
"200","Under 3s","Private","Nightingales Nursery","Glasgow City","12/06/2018",5,5,4,4,0,18
"201","Over 3s","Voluntary or Not for Profit","Buddies Clubs and Services","Glasgow City","06/07/2017",4,4,5,5,0,18
"202","Over 3s","Voluntary or Not for Profit","Blairdardie Out Of School Care","Glasgow City","06/08/2024",5,5,4,4,0,18
"203","Under 3s","Private","Acorn Park Nursery","Glasgow City","05/12/2018",4,4,4,4,0,16
"204","Over 3s","Private","Somerset Nursery - Clairmont","Glasgow City","08/03/2019",4,4,4,4,0,16
"205","Over 3s","Voluntary or Not for Profit","TASC - Knightswood OSC","Glasgow City","25/10/2019",5,5,6,6,0,22
"206","Under 3s","Private","Gowanlea Private Nursery","Glasgow City","24/02/2020",4,5,4,4,0,17
"207","Under 3s","Voluntary or Not for Profit","Rosemount Lifelong Learning","Glasgow City","19/06/2024",4,4,4,4,0,16
"208","Under 3s","Voluntary or Not for Profit","Stepping Stones For Families (Possilpark Family Centre)","Glasgow City","24/04/2019",5,5,4,5,0,19
"209","Under 3s","Voluntary or Not for Profit","Maryhill Mobile Creche","Glasgow City","23/01/2019",5,6,5,5,0,21
"210","Over 3s","Voluntary or Not for Profit","Cadder Out Of School Service","Glasgow City","15/08/2019",4,4,4,4,0,16
"211","Over 3s","Voluntary or Not for Profit","Summerston After School Care","Glasgow City","27/07/2017",4,4,4,4,0,16
"212","Under 3s","Voluntary or Not for Profit","St. Roch's Childcare (Royston Primary)","Glasgow City","05/11/2018",4,4,4,4,0,16
"213","Under 3s","Private","Clarence House Nursery","Glasgow City","10/10/2019",5,5,4,4,0,18
"214","Under 3s","Private","Clever Clogs Nursery","Glasgow City","03/04/2024",3,3,3,3,0,12
"215","Under 3s","Private","Happitots Day Nursery - Baillieston","Glasgow City","19/08/2021",4,4,4,4,1,16
"216","Under 3s","Private","Thrive Childcare and Education Happitots Garrowhill","Glasgow City","04/07/2024",3,4,4,4,1,15
"217","Under 3s","Private","Kirktonholme @ Shettleston","Glasgow City","28/02/2024",4,4,4,4,0,16
"218","Over 3s","Private","North East Circle St Francis OSC","Glasgow City","13/02/2018",6,6,5,5,0,22
"219","Under 3s","Voluntary or Not for Profit","Poppins Kindergarten","Glasgow City","20/07/2021",5,5,4,5,0,19
"220","Under 3s","Private","Heathdene Nurseries Ltd","Glasgow City","08/08/2022",4,4,4,4,0,16
"221","Over 3s","Voluntary or Not for Profit","East Pollokshields Out of School Care (EPOSC)","Glasgow City","12/03/2020",5,5,5,5,0,20
"222","Over 3s","Voluntary or Not for Profit","OLA Out Of School Care","Glasgow City","12/09/2017",5,5,5,5,0,20
"223","Under 3s","Private","Busy Bees @ Heritage House","Glasgow City","28/11/2023",4,5,4,4,0,17
"224","Under 3s","Private","Bright Beginnings","Glasgow City","22/03/2023",5,5,5,5,0,20
"225","Over 3s","Voluntary or Not for Profit","Carmunnock Pre School Nursery","Glasgow City","24/05/2017",5,5,5,5,0,20
"226","Under 3s","Voluntary or Not for Profit","The Jeely Early Years Service","Glasgow City","07/02/2019",5,5,5,6,0,21
"227","Over 3s","Voluntary or Not for Profit","Cojac Centre Playscheme","Glasgow City","01/12/2022",6,6,5,6,1,23
"228","Over 3s","Voluntary or Not for Profit","St. Mirins Out of School Club","Glasgow City","17/01/2020",6,6,6,6,0,24
"229","Over 3s","Voluntary or Not for Profit","LASCCA","Glasgow City","01/11/2017",5,5,4,5,0,19
"230","Over 3s","Private","Tinto After School Care (Glasgow)","Glasgow City","18/01/2022",4,5,5,4,0,18
"231","Over 3s","Voluntary or Not for Profit","Battlefield ASC","Glasgow City","23/04/2024",2,2,3,2,0,9
"232","Over 3s","Voluntary or Not for Profit","Pollokshaws After School Service","Glasgow City","09/08/2019",5,4,5,5,0,19
"233","Over 3s","Voluntary or Not for Profit","Darnley OSC - Darnley Community Education Centre","Glasgow City","09/12/2019",4,5,5,5,0,19
"234","Over 3s","Voluntary or Not for Profit","Carnwadric After School","Glasgow City","14/08/2023",4,4,4,4,1,16
"235","Over 3s","Voluntary or Not for Profit","Shawlands OS Care","Glasgow City","21/07/2022",4,5,5,5,0,19
"236","Under 3s","Voluntary or Not for Profit","Glasgow Clyde College","Glasgow City","20/02/2020",5,4,5,4,0,18
"237","Over 3s","Voluntary or Not for Profit","Kool Kidz (Sandwood)","Glasgow City","16/02/2018",4,4,4,4,0,16
"238","Over 3s","Voluntary or Not for Profit","Gingerbread East End","Glasgow City","07/10/2019",5,5,5,5,0,20
"239","Under 3s","Private","Treehouse Nursery - Uddingston","South Lanarkshire","07/11/2023",3,4,4,4,1,15
"240","Under 3s","Private","Casa Dei Bambini Montessori Pre-School","South Lanarkshire","29/08/2019",4,4,4,4,0,16
"241","Under 3s","Private","Chatelherault Nursery School","South Lanarkshire","05/04/2024",5,4,4,4,1,17
"242","Under 3s","Private","Westpark Nursery School and Out of School Care","South Lanarkshire","03/07/2019",4,5,5,5,0,19
"243","Under 3s","Private","Bardykes Farm Nursery School","South Lanarkshire","30/03/2023",5,5,5,5,2,20
"244","Over 3s","Voluntary or Not for Profit","Strathaven Community Nursery","South Lanarkshire","05/10/2018",4,5,4,4,0,17
"245","Under 3s","Private","Stonefield Nursery & Out of School Care","South Lanarkshire","23/08/2021",4,4,4,4,1,16
"246","Over 3s","Voluntary or Not for Profit","Kirklandpark After School Care Service","South Lanarkshire","14/03/2023",4,4,4,4,1,16
"247","Over 3s","Private","Strathaven After School Club Ltd.","South Lanarkshire","10/01/2022",4,4,4,5,0,17
"248","Under 3s","Private","Sweetie Brae Private Nursery","South Lanarkshire","07/05/2024",3,3,3,3,1,12
"249","Over 3s","Voluntary or Not for Profit","Hamilton After School Project","South Lanarkshire","11/12/2023",4,4,4,4,0,16
"250","Under 3s","Voluntary or Not for Profit","Little Pets Playgroup","South Lanarkshire","13/12/2019",5,5,4,4,0,18
"251","Over 3s","Voluntary or Not for Profit","Cambuslang Childcare Project","South Lanarkshire","16/08/2017",5,5,5,5,0,20
"252","Under 3s","Private","Busy Bees at Glasgow Oakwood","South Lanarkshire","22/08/2024",4,4,5,4,1,17
"253","Under 3s","Private","Bothwell Montessori Nursery School","South Lanarkshire","20/03/2019",5,5,5,6,0,21
"254","Under 3s","Private","Little People Nursery School","South Lanarkshire","17/11/2021",4,4,4,4,0,16
"255","Under 3s","Private","Grand-y-Care Academy","South Lanarkshire","07/06/2019",6,5,5,6,0,22
"256","Under 3s","Private","Rascals Nursery","South Lanarkshire","05/03/2024",4,4,4,4,0,16
"257","Under 3s","Voluntary or Not for Profit","Jack & Jill Pre 5 Group","South Lanarkshire","09/01/2019",5,4,4,4,0,17
"258","Over 3s","Voluntary or Not for Profit","Wombles Pre-5 Centre","South Lanarkshire","08/03/2024",3,4,3,3,0,13
"259","Over 3s","Voluntary or Not for Profit","Mounties Community Nursery","South Lanarkshire","31/07/2017",5,5,5,5,0,20
"260","Over 3s","Voluntary or Not for Profit","Greenhills Out Of School Care","South Lanarkshire","22/08/2018",4,5,4,5,0,18
"261","Under 3s","Private","Busy Bees @ East Kilbride","South Lanarkshire","18/06/2024",4,4,4,4,0,16
"262","Over 3s","Voluntary or Not for Profit","Snap","South Lanarkshire","29/07/2019",5,5,5,5,0,20
"263","Under 3s","Private","Kirktonholme @ East Kilbride","South Lanarkshire","12/01/2018",5,5,5,5,0,20
"264","Over 3s","Voluntary or Not for Profit","Playcare Club","South Lanarkshire","26/06/2018",5,5,4,4,0,18
"265","Over 3s","Voluntary or Not for Profit","Abbeyview Kids Club","Fife","01/11/2022",4,4,4,4,0,16
"266","Over 3s","Local Authority","Baldridgeburn Out of School Club","Fife","16/10/2020",4,5,5,4,0,18
"267","Under 3s","Voluntary or Not for Profit","Wormit Playgroup","Fife","27/03/2023",5,5,5,5,0,20
"268","Under 3s","Voluntary or Not for Profit","Dunnikier Park Pre School Playgroup","Fife","31/05/2023",5,5,4,4,0,18
"269","Under 3s","Voluntary or Not for Profit","Triangle Under 5s Group","Fife","18/04/2024",4,4,4,5,0,17
"270","Under 3s","Private","Bumble Beez Children's Nursery","Fife","30/08/2024",3,3,2,3,0,11
"271","Under 3s","Voluntary or Not for Profit","Tayport Playgroup","Fife","08/07/2024",4,5,4,4,1,17
"272","Under 3s","Voluntary or Not for Profit","Ferryfield Playgroup","Fife","08/11/2023",4,4,4,4,0,16
"273","Under 3s","Voluntary or Not for Profit","Pitcorthie Playgroup","Fife","03/07/2019",5,4,5,5,0,19
"274","Under 3s","Private","Little Beehive Nursery (Cupar)","Fife","04/04/2023",5,5,5,5,0,20
"275","Under 3s","Voluntary or Not for Profit","Pitreavie Playgroup","Fife","30/04/2019",4,4,4,5,0,17
"276","Under 3s","Voluntary or Not for Profit","Crossford Playgroup","Fife","14/11/2023",4,4,4,3,0,15
"277","Over 3s","Local Authority","St John's Out of School Club","Fife","17/06/2024",3,4,4,3,0,14
"278","Under 3s","Voluntary or Not for Profit","Newcastle Early Learning Nursery","Fife","13/01/2020",4,4,4,4,0,16
"279","Over 3s","Voluntary or Not for Profit","Markinch After School Club (MASK)","Fife","05/01/2023",4,4,4,4,0,16
"280","Under 3s","Private","Rainbow Nursery And After School Club, Glenrothes","Fife","09/10/2023",4,4,4,4,0,16
"281","Under 3s","Private","Rainbow Nursery Ltd","Fife","28/11/2023",4,4,4,4,0,16
"282","Under 3s","Voluntary or Not for Profit","Largo Playgroup","Fife","11/03/2024",4,4,3,4,0,15
"283","Under 3s","Private","Busy Bees @ Glenrothes","Fife","12/04/2024",5,4,5,4,1,18
"284","Under 3s","Voluntary or Not for Profit","Burntisland Playgroup","Fife","05/03/2024",5,5,5,4,0,19
"285","Over 3s","Voluntary or Not for Profit","Cowdenbeath After School Club","Fife","07/02/2024",3,3,3,3,0,12
"286","Under 3s","Voluntary or Not for Profit","Bower Busy Bees ELC (Early Learning Centre)","Highland","03/10/2022",5,5,5,5,0,20
"287","Under 3s","Private","Busy Bees@ Inverness","Highland","05/05/2023",4,5,4,5,0,18
"288","Over 3s","Voluntary or Not for Profit","Crown Corner Club","Highland","22/09/2023",4,3,3,4,0,14
"289","Over 3s","Private","Allsorts, Dornoch After School","Highland","18/05/2023",4,4,4,4,0,16
"290","Over 3s","Private","Glenurquhart Childcare Centre","Highland","15/11/2023",4,5,5,5,0,19
"291","Under 3s","Voluntary or Not for Profit","Grantown Playgroup","Highland","01/03/2019",6,5,5,5,0,21
"292","Over 3s","Private","Halkirk Playgroup","Highland","04/07/2024",4,3,3,4,0,14
"293","Under 3s","Voluntary or Not for Profit","Limetree Children's Nursery & Out of School Club","Highland","27/02/2024",4,4,4,4,0,16
"294","Under 3s","Private","Little Learners Nursery & Day Care","Highland","02/02/2022",4,4,5,4,0,17
"295","Under 3s","Private","Portree Nursery Ltd","Highland","02/11/2023",3,4,4,3,0,14
"296","Over 3s","Voluntary or Not for Profit","The 3 O'Clock Club","Highland","09/05/2024",4,5,4,4,0,17
"297","Under 3s","Private","Tiny Tots Nursery (Inverness)","Highland","06/12/2019",4,4,4,5,0,17
"298","Under 3s","Voluntary or Not for Profit","Toybox Children's Centre","Highland","09/04/2024",4,5,4,4,0,17
"299","Under 3s","Voluntary or Not for Profit","Miltonduff Pre-school Group","Moray","22/10/2018",5,5,4,4,0,18
"300","Under 3s","Voluntary or Not for Profit","St. Sylvester's Nursery","Moray","03/09/2021",4,4,4,4,0,16
"301","Under 3s","Private","The College Nursery","Moray","11/01/2023",4,4,4,4,0,16
"302","Under 3s","Private","(Torridon Education Group's) Little Learners","Moray","18/03/2019",5,5,5,5,0,20
"303","Under 3s","Voluntary or Not for Profit","Willow Den Childcare","Moray","14/06/2019",4,4,4,4,0,16
"304","Over 3s","Private","Kinloss Crafty Cool Kids' Club","Moray","05/06/2024",5,5,3,4,0,17
"305","Under 3s","Voluntary or Not for Profit","The Cabin","Moray","21/12/2022",5,4,4,4,0,17
"306","Over 3s","Voluntary or Not for Profit","Knockando Playgroup","Moray","11/03/2020",4,4,4,4,0,16
"307","Over 3s","Voluntary or Not for Profit","Rothiemay Playgroup","Moray","02/03/2020",5,4,4,5,0,18
"308","Under 3s","Voluntary or Not for Profit","Portessie Playgroup","Moray","16/12/2019",4,4,4,4,0,16
"309","Under 3s","Private","Bishopmill Pre-school Centre","Moray","21/06/2023",3,5,4,4,0,16
"310","Under 3s","Voluntary or Not for Profit","Garmouth & Kingston Pre-School Group","Moray","18/08/2020",5,5,5,5,0,20
"311","Under 3s","Voluntary or Not for Profit","Noah's Ark Day Care","Moray","06/09/2018",5,4,4,5,0,18
"312","Under 3s","Private","Rainbow Childcare and Education Ltd","Moray","30/01/2024",4,5,4,4,0,17
"313","Under 3s","Voluntary or Not for Profit","Portknockie Nursery","Moray","04/07/2023",3,4,3,4,0,14
"314","Under 3s","Voluntary or Not for Profit","The Teddy Bear Developmental Playgroup","Moray","18/06/2023",4,4,3,4,0,15
"315","Under 3s","Voluntary or Not for Profit","Argus Playgroup","Scottish Borders","24/01/2019",4,4,4,4,0,16
"316","Under 3s","Private","Cherrytrees Children's Nursery","Scottish Borders","30/09/2021",4,5,5,4,0,18
"317","Over 3s","Voluntary or Not for Profit","Denholm Playgroup","Scottish Borders","25/08/2022",5,4,4,5,0,18
"318","Under 3s","Voluntary or Not for Profit","East Green Nursery and Out of School Club","Scottish Borders","08/02/2024",4,5,4,5,0,18
"319","Under 3s","Voluntary or Not for Profit","Seashells Nursery","Scottish Borders","09/05/2024",2,3,2,3,0,10
"320","Under 3s","Private","First Nursery and After School Care","Scottish Borders","15/07/2019",6,5,5,5,0,21
"321","Under 3s","Voluntary or Not for Profit","Fogo Nursery","Scottish Borders","13/02/2020",5,5,5,5,0,20
"322","Under 3s","Voluntary or Not for Profit","Highway Day Nursery","Scottish Borders","14/09/2023",4,4,4,4,0,16
"323","Under 3s","Voluntary or Not for Profit","Kingsmeadows Nursery (Peebles) Ltd","Scottish Borders","13/12/2022",5,5,5,5,0,20
"324","Under 3s","Voluntary or Not for Profit","Newlands Kids","Scottish Borders","22/07/2024",4,4,4,4,2,16
"325","Under 3s","Local Authority","Lerwick Early Learning and Childcare","Shetland Islands","10/10/2023",4,3,3,3,0,13
"326","Under 3s","Voluntary or Not for Profit","Burra Early Years","Shetland Islands","04/12/2019",5,5,5,5,0,20
"327","Over 3s","Voluntary or Not for Profit","Stornoway Playgroup","Na h-Eileanan Siar","09/07/2018",5,5,4,5,0,19
"328","Under 3s","Private","ABC Day Nursery","Perth & Kinross","10/07/2024",3,3,3,3,0,12
"329","Over 3s","Voluntary or Not for Profit","Alyth Out of School Care Group","Perth & Kinross","05/10/2023",4,5,3,4,0,16
"330","Under 3s","Private","Bridge of Earn Nursery","Perth & Kinross","22/03/2024",4,5,5,4,0,18
"331","Under 3s","Private","Big Country Children's Club","Perth & Kinross","30/08/2022",4,5,4,5,0,18
"332","Under 3s","Private","Little Glen","Perth & Kinross","15/05/2023",4,5,4,4,0,17
"333","Under 3s","Private","Honeypot Children's Nursery - Almondbank","Perth & Kinross","14/09/2023",4,5,4,4,0,17
"334","Under 3s","Private","Honeypot Children's Nursery - Luncarty","Perth & Kinross","11/10/2023",5,4,4,4,0,17
"335","Under 3s","Voluntary or Not for Profit","Humpty Dumpty Community Nursery","Perth & Kinross","19/06/2024",4,5,5,5,0,19
"336","Over 3s","Voluntary or Not for Profit","Kinross After School Club","Perth & Kinross","19/12/2023",4,5,4,4,0,17
"337","Under 3s","Voluntary or Not for Profit","Merry Go Round Playgroup","Perth & Kinross","15/11/2022",4,5,4,4,0,17
"338","Over 3s","Local Authority","Milnathort Kids Club","Perth & Kinross","13/11/2023",4,5,3,4,0,16
"339","Under 3s","Voluntary or Not for Profit","Muirton Community Nursery","Perth & Kinross","29/11/2023",5,5,4,4,0,18
"340","Under 3s","Private","Thrive Childcare and Education Corner House Perth","Perth & Kinross","19/07/2024",3,2,3,2,0,10
"341","Under 3s","Private","Kids Ahoy Childcare Centre","Dumfries & Galloway","16/04/2019",4,4,5,4,0,17
"342","Under 3s","Voluntary or Not for Profit","Penpont, Keir and Tynron Pre-School","Dumfries & Galloway","06/06/2019",4,4,4,5,0,17
"343","Over 3s","Voluntary or Not for Profit","Dunscore Pre-school Centre","Dumfries & Galloway","14/01/2020",5,5,5,5,0,20
"344","Under 3s","Voluntary or Not for Profit","Dalbeattie Playgroup","Dumfries & Galloway","12/01/2024",3,3,3,3,0,12
"345","Under 3s","Voluntary or Not for Profit","Springholm Nursery","Dumfries & Galloway","08/02/2024",3,4,3,3,0,13
"346","Under 3s","Voluntary or Not for Profit","Dumfries Toy Library","Dumfries & Galloway","28/05/2024",5,5,5,5,0,20
"347","Under 3s","Local Authority","Camelon Early Learning and Childcare Centre","Falkirk","11/09/2023",5,5,5,5,0,20
"348","Over 3s","Voluntary or Not for Profit","Go Kids Victoria","Falkirk","13/09/2019",4,4,4,5,0,17
"349","Over 3s","Voluntary or Not for Profit","Grange After School Project","Falkirk","06/12/2023",3,3,3,3,0,12
"350","Over 3s","Voluntary or Not for Profit","GO Kids Comely Park","Falkirk","05/02/2024",3,4,4,4,0,15
"351","Under 3s","Private","First Steps Day Nursery","Falkirk","24/09/2020",5,4,4,4,0,17
"352","Under 3s","Local Authority","Rannoch Early Learning and Childcare Centre","Falkirk","29/07/2024",5,5,5,5,0,20
"353","Under 3s","Private","Wellside Kindergarten","Falkirk","08/11/2018",5,6,5,5,0,21
"354","Under 3s","Voluntary or Not for Profit","One Parent Families Scotland - Falkirk","Falkirk","12/12/2023",4,4,4,4,0,16
"355","Under 3s","Local Authority","Woodburn Early Learning and Childcare Centre","Falkirk","15/08/2019",5,5,5,5,0,20
"356","Under 3s","Private","ACE","Dumfries & Galloway","04/03/2024",4,4,4,4,0,16
"357","Under 3s","Voluntary or Not for Profit","Eastriggs & Dornock Early Years","Dumfries & Galloway","05/04/2019",5,5,5,5,0,20
"358","Under 3s","Voluntary or Not for Profit","Langholm Playcare","Dumfries & Galloway","17/05/2023",3,4,4,4,0,15
"359","Under 3s","Voluntary or Not for Profit","Crossmichael & Parton Playgroup","Dumfries & Galloway","04/04/2019",4,5,4,4,0,17
"360","Under 3s","Voluntary or Not for Profit","Kelton Nursery","Dumfries & Galloway","25/04/2024",3,4,4,4,0,15
"361","Under 3s","Voluntary or Not for Profit","Moniaive Playcare","Dumfries & Galloway","22/08/2018",4,5,5,5,0,19
"362","Under 3s","Voluntary or Not for Profit","Kirkcolm Under 5's","Dumfries & Galloway","07/02/2019",6,5,5,5,0,21
"363","Over 3s","Voluntary or Not for Profit","Port William Playgroup","Dumfries & Galloway","21/05/2024",4,5,4,4,0,17
"364","Over 3s","Voluntary or Not for Profit","Lothian Autistic Society in West Lothian","West Lothian","07/09/2018",5,6,5,5,0,21
"365","Under 3s","Voluntary or Not for Profit","Howden Playgroup","West Lothian","03/05/2019",5,4,5,5,0,19
"366","Under 3s","Voluntary or Not for Profit","The Yard","City of Edinburgh","28/09/2018",6,5,6,5,0,22
"367","Over 3s","Voluntary or Not for Profit","Gingerbread - Dalry","City of Edinburgh","07/06/2024",3,2,3,3,0,11
"368","Under 3s","Private","Pinocchio Nursery","Midlothian","25/04/2023",4,4,4,4,0,16
"369","Over 3s","Voluntary or Not for Profit","Gingerbread Tollcross ASC","City of Edinburgh","23/08/2024",1,1,1,1,0,4
"370","Under 3s","Voluntary or Not for Profit","Smilechildcare - Pre-School","City of Edinburgh","12/12/2018",5,5,5,5,0,20
"371","Under 3s","Voluntary or Not for Profit","Blackhall Playgroup","City of Edinburgh","22/08/2023",3,4,3,4,0,14
"372","Under 3s","Private","Cramond Playgroup","City of Edinburgh","11/02/2020",4,4,4,4,0,16
"373","Over 3s","Voluntary or Not for Profit","Clermiston After School Club","City of Edinburgh","11/03/2020",4,5,4,5,0,18
"374","Over 3s","Voluntary or Not for Profit","St. Ninians Kids Club","City of Edinburgh","07/03/2019",5,5,4,5,0,19
"375","Over 3s","Voluntary or Not for Profit","Oxgangs After School Club","City of Edinburgh","10/01/2019",6,6,6,6,0,24
"376","Over 3s","Voluntary or Not for Profit","Liberton After School Club","City of Edinburgh","03/07/2023",3,3,3,3,0,12
"377","Under 3s","Voluntary or Not for Profit","Compass Playgroup","City of Edinburgh","11/01/2019",5,5,5,5,0,20
"378","Over 3s","Private","Gylemuir After School Club","City of Edinburgh","07/12/2023",4,4,4,4,0,16
"379","Under 3s","Voluntary or Not for Profit","Rosebery Playgroup","City of Edinburgh","28/08/2024",4,5,4,4,0,17
"380","Under 3s","Private","Early Days Nursery","City of Edinburgh","19/04/2019",5,5,4,4,0,18
"381","Under 3s","Voluntary or Not for Profit","Dreghorn Pre-School and Creche","City of Edinburgh","13/07/2023",5,5,5,5,0,20
"382","Over 3s","Voluntary or Not for Profit","Dalkeith After School Club","Midlothian","22/06/2018",5,4,4,5,0,18
"383","Over 3s","Private","Childcare Connections Ltd - Gracemount","City of Edinburgh","25/01/2024",5,5,4,4,0,18
"384","Over 3s","Private","Childcare Connections - St John Vianney","City of Edinburgh","30/09/2022",4,4,4,4,0,16
"385","Under 3s","Private","Busy Bees @ Livingston Village","West Lothian","03/07/2023",5,4,4,4,0,17
"386","Under 3s","Private","Busy Bees - Edinburgh Park","City of Edinburgh","24/04/2024",5,4,4,4,0,17
"387","Under 3s","Private","Busy Bees @ Port Hamilton","City of Edinburgh","16/01/2019",4,5,5,5,0,19
"388","Under 3s","Private","Busy Bees @ Newhaven","City of Edinburgh","18/09/2023",4,4,4,4,0,16
"389","Under 3s","Voluntary or Not for Profit","Holy Corner Community Playgroup","City of Edinburgh","08/05/2019",4,4,4,4,0,16
"390","Over 3s","Voluntary or Not for Profit","Bruntsfield Community Nursery","City of Edinburgh","13/03/2024",3,4,4,4,0,15
"391","Under 3s","Voluntary or Not for Profit","Danderhall Playgroup","Midlothian","27/05/2024",4,4,4,4,0,16
"392","Under 3s","Voluntary or Not for Profit","Wallyford Playgroup","East Lothian","05/03/2024",4,4,3,4,0,15
"393","Over 3s","Voluntary or Not for Profit","Holy Cross Out Of School Club","City of Edinburgh","21/06/2024",4,5,4,4,0,17
"394","Over 3s","Voluntary or Not for Profit","Broxburn Family Centre's Out of School Care","West Lothian","08/08/2024",5,5,5,5,0,20
"395","Over 3s","Voluntary or Not for Profit","Craiglockhart After School Club","City of Edinburgh","05/09/2023",4,4,3,4,0,15
"396","Over 3s","Voluntary or Not for Profit","Gingerbread - Lorne","City of Edinburgh","09/04/2024",3,3,2,2,0,10
"397","Over 3s","Voluntary or Not for Profit","Campie After School Club","East Lothian","06/11/2023",4,4,4,5,0,17
"398","Over 3s","Voluntary or Not for Profit","BASC: Bonnyrigg Service","Midlothian","21/09/2022",4,5,5,5,0,19
"399","Over 3s","Voluntary or Not for Profit","The Squirrel Club","City of Edinburgh","21/01/2020",5,5,4,5,0,19
"400","Over 3s","Voluntary or Not for Profit","Squids After School Club","City of Edinburgh","04/08/2017",5,5,5,5,1,20
"401","Over 3s","Voluntary or Not for Profit","Wardie After School Club","City of Edinburgh","30/04/2018",4,5,4,4,0,17
"402","Over 3s","Voluntary or Not for Profit","Flora Stevenson After School Club","City of Edinburgh","15/04/2019",5,5,4,4,0,18
"403","Over 3s","Private","Greenside After School Club","City of Edinburgh","27/08/2024",4,4,4,4,0,16
"404","Under 3s","Voluntary or Not for Profit","Crossreach Counselling East Creche","City of Edinburgh","20/12/2022",4,5,5,5,0,19
"405","Under 3s","Voluntary or Not for Profit","Brighton Nursery","City of Edinburgh","29/04/2024",5,5,5,5,0,20
"406","Under 3s","Private","Angela Elizabeth Nursery","West Lothian","10/04/2024",3,3,4,3,0,13
"407","Under 3s","Private","Crewe Road Nursery","City of Edinburgh","26/03/2019",5,5,5,5,0,20
"408","Under 3s","Private","Nippers Nursery","City of Edinburgh","28/05/2019",4,5,5,4,0,18
"409","Under 3s","Private","Trinity Tots Nursery","City of Edinburgh","22/07/2019",4,4,4,4,0,16
"410","Under 3s","Private","Baby Rainbow Nursery","City of Edinburgh","20/09/2023",5,4,5,5,0,19
"411","Under 3s","Private","Forbes Children`s Nursery","City of Edinburgh","12/06/2020",5,5,5,5,0,20
"412","Under 3s","Voluntary or Not for Profit","First Adventures Nursery - Turret Towers","West Lothian","03/08/2021",4,4,4,4,0,16
"413","Under 3s","Voluntary or Not for Profit","Forbes Childrens Nursery Claremont Park","City of Edinburgh","21/06/2019",5,4,6,4,0,19
"414","Under 3s","Private","Elsie Inglis Nursery and Preschool","City of Edinburgh","17/07/2023",4,4,4,4,0,16
"415","Under 3s","Private","Blossom Day Nursery","City of Edinburgh","03/06/2024",2,2,2,2,0,8
"416","Under 3s","Private","Peek-a-boo Nursery School","City of Edinburgh","04/06/2024",2,2,2,2,0,8
"417","Under 3s","Voluntary or Not for Profit","First Steps Playgroup","West Lothian","10/06/2024",5,5,4,4,0,18
"418","Under 3s","Private","Pinocchio's Children's Nursery","Midlothian","16/07/2020",4,4,4,4,0,16
"419","Under 3s","Private","The Orchard Nursery","City of Edinburgh","30/05/2019",5,5,5,5,0,20
"420","Under 3s","Private","Networking Key Services Limited (NKS)","City of Edinburgh","14/11/2019",4,4,4,4,0,16
"421","Under 3s","Voluntary or Not for Profit","Seahorse Nursery","East Lothian","19/05/2022",4,4,4,4,0,16
"422","Under 3s","Voluntary or Not for Profit","Wizkidz Nursery","Midlothian","16/08/2024",4,5,4,4,0,17
"423","Under 3s","Private","Little Monkeys Nursery","City of Edinburgh","03/04/2023",4,4,4,4,0,16
"424","Under 3s","Private","Bright Horizons Livingston Early Learning and Childcare","West Lothian","09/01/2023",4,4,4,4,0,16
"425","Under 3s","Private","Rainbow Kindergarten","City of Edinburgh","18/11/2019",5,5,5,4,0,19
"426","Under 3s","Voluntary or Not for Profit","Portobello Toddlers Hut Playgroup","City of Edinburgh","29/11/2018",5,4,4,5,0,18
"427","Under 3s","Voluntary or Not for Profit","The Crescent Playgroup","Midlothian","18/07/2018",4,5,5,5,0,19
"428","Under 3s","Private","Wester Coates Nursery School","City of Edinburgh","14/06/2019",5,5,6,6,0,22
"429","Over 3s","Voluntary or Not for Profit","Davidson's Mains Out of School Care Provision","City of Edinburgh","09/12/2019",5,5,5,5,0,20
"430","Over 3s","Voluntary or Not for Profit","Ferryhill Out Of School Provision","City of Edinburgh","18/12/2019",5,5,5,5,0,20
"431","Under 3s","Voluntary or Not for Profit","North Edinburgh Childcare","City of Edinburgh","05/06/2024",4,4,4,4,0,16
"432","Over 3s","Voluntary or Not for Profit","Countess After School Club","East Lothian","06/06/2023",5,5,5,5,0,20
"433","Over 3s","Voluntary or Not for Profit","Kingfisher Club - Kestrel House","West Lothian","25/07/2024",4,5,3,4,0,16
"434","Over 3s","Voluntary or Not for Profit","Broughton After School Club","City of Edinburgh","28/08/2024",3,3,3,3,0,12
"435","Under 3s","Voluntary or Not for Profit","LASC Childcare Services (Community Nursery)","Midlothian","03/08/2022",4,4,4,4,0,16
"436","Over 3s","Voluntary or Not for Profit","LASC Childcare Services Ltd (Roslin)","Midlothian","14/02/2019",5,5,6,5,0,21
"437","Over 3s","Voluntary or Not for Profit","Venchie Children And Young People's Project","City of Edinburgh","31/10/2023",3,4,4,4,0,15
"438","Under 3s","Voluntary or Not for Profit","Penicuik Family Learning Centre","Midlothian","20/12/2019",4,5,5,5,0,19
"439","Over 3s","Voluntary or Not for Profit","St. Mary's After School Club","City of Edinburgh","28/08/2024",3,4,3,3,0,13
"440","Over 3s","Voluntary or Not for Profit","Burgh After School Care Club","East Lothian","16/05/2018",4,4,4,4,0,16
"441","Over 3s","Voluntary or Not for Profit","Greenbank Pre-school","City of Edinburgh","04/12/2018",4,5,5,5,0,19
"442","Under 3s","Voluntary or Not for Profit","Longniddry Playgroup","East Lothian","02/07/2024",4,5,4,4,0,17
"443","Under 3s","Voluntary or Not for Profit","Temple Nursery & Playgroup","Midlothian","14/01/2019",4,4,5,4,0,17
"444","Under 3s","Voluntary or Not for Profit","Corstorphine Village Playgroup","City of Edinburgh","15/11/2019",4,4,4,4,0,16
"445","Under 3s","Voluntary or Not for Profit","Leith St Andrew`s Playgroup","City of Edinburgh","05/06/2024",4,4,3,4,0,15
"446","Under 3s","Voluntary or Not for Profit","Broxburn Playgroup","West Lothian","03/10/2018",4,4,4,5,0,17
"447","Under 3s","Voluntary or Not for Profit","Northfield/WillowbraePlaygroup","City of Edinburgh","11/10/2019",5,5,5,5,0,20
"448","Under 3s","Voluntary or Not for Profit","Mayfield Family Learning Centre","Midlothian","11/10/2018",5,6,5,5,0,21
"449","Under 3s","Voluntary or Not for Profit","Woodburn Family Learning Centre","Midlothian","19/08/2019",5,5,4,4,0,18
"450","Under 3s","Voluntary or Not for Profit","Gorebridge Family Learning Centre","Midlothian","17/06/2024",4,3,4,4,0,15
"451","Under 3s","Voluntary or Not for Profit","First Adventures Nursery - Teddy Bear House","West Lothian","06/03/2019",6,6,4,5,0,21
"452","Under 3s","Private","Happy Faces Nursery","Dumfries & Galloway","27/01/2020",4,6,5,6,0,21
"453","Over 3s","Voluntary or Not for Profit","Lincluden After School Group","Dumfries & Galloway","18/03/2024",5,4,3,4,0,16
"454","Under 3s","Private","Malory House Nursery","Dumfries & Galloway","03/05/2019",5,5,5,5,0,20
"455","Under 3s","Voluntary or Not for Profit","Maxwelltown Playcare","Dumfries & Galloway","22/08/2019",4,4,5,4,0,17
"456","Under 3s","Local Authority","Grantown Primary School Nursery","Highland","19/12/2019",5,5,5,5,0,20
"457","Over 3s","Local Authority","Noss Early Learning and Childcare","Highland","17/04/2024",4,4,4,4,0,16
"458","Over 3s","Local Authority","Mount Pleasant Nursery","Highland","31/05/2024",4,4,4,4,1,16
"459","Over 3s","Local Authority","Beauly Nursery","Highland","21/09/2022",4,5,5,5,0,19
"460","Over 3s","Local Authority","Cannich Bridge Nursery","Highland","07/12/2023",3,5,4,4,0,16
"461","Over 3s","Local Authority","Central (English) Nursery","Highland","20/12/2023",4,4,5,4,0,17
"462","Over 3s","Local Authority","Duncan Forbes Primary ELC","Highland","09/09/2020",4,4,4,5,0,17
"463","Over 3s","Local Authority","Acharacle Primary Nursery","Highland","24/01/2019",5,5,5,5,0,20
"464","Over 3s","Local Authority","Ardgour Nursery","Highland","14/05/2024",5,5,3,5,0,18
"465","Over 3s","Local Authority","Sgoil Araich Ghaidhlig Loch Abar","Highland","06/11/2023",4,4,4,4,0,16
"466","Over 3s","Local Authority","Inverie Primary School Nursery","Highland","28/06/2018",4,4,4,4,0,16
"467","Over 3s","Local Authority","Mallaig Nursery/Sgoil Araich Mhalaig","Highland","13/06/2022",5,5,5,5,0,20
"468","Over 3s","Local Authority","Millbank Nursery","Highland","09/05/2019",5,5,4,4,0,18
"469","Over 3s","Local Authority","Bridgend Nursery","Highland","05/12/2023",4,5,5,4,0,18
"470","Over 3s","Local Authority","Tain Nursery","Highland","19/03/2018",4,4,4,4,0,16
"471","Over 3s","Local Authority","Dingwall (English) Nursery","Highland","15/02/2023",4,4,5,4,0,17
"472","Over 3s","Local Authority","Gairloch (English) Nursery","Highland","24/01/2020",4,4,4,5,0,17
"473","Over 3s","Local Authority","Gairloch (Gaelic) Nursery","Highland","09/10/2023",4,4,4,4,0,16
"474","Over 3s","Local Authority","North Kessock Nursery","Highland","13/11/2019",5,4,4,5,0,18
"475","Over 3s","Local Authority","St. Clement's Nursery","Highland","09/04/2018",4,4,4,4,0,16
"476","Over 3s","Local Authority","Strathgarve Primary School Nursery","Highland","19/06/2018",5,5,5,5,0,20
"477","Over 3s","Local Authority","Ullapool Nursery - GM","Highland","11/02/2020",4,5,4,5,0,18
"478","Over 3s","Local Authority","Broadford School Gaelic Medium Nursery","Highland","24/10/2023",4,5,4,4,0,17
"479","Under 3s","Local Authority","Kyle (English) Nursery","Highland","11/01/2024",3,4,4,3,0,14
"480","Over 3s","Local Authority","Staffin Nursery - GM","Highland","08/11/2022",5,5,5,5,0,20
"481","Over 3s","Voluntary or Not for Profit","Skene Square OOSC","Aberdeen City","04/10/2023",3,4,3,3,0,13
"482","Under 3s","Private","Simpson Playhouse","Aberdeenshire","19/09/2019",4,5,5,4,0,18
"483","Under 3s","Private","Rainbow Castle Childcare","Moray","04/08/2021",4,4,4,4,0,16
"484","Over 3s","Private","Skool Is Out @ Barclay Viewforth","City of Edinburgh","20/12/2023",5,5,5,4,0,19
"485","Under 3s","Local Authority","Cowgate Under 5's","City of Edinburgh","04/07/2024",4,5,4,4,0,17
"486","Over 3s","Local Authority","Heathfield Early Years Centre","South Ayrshire","05/04/2019",5,5,5,5,0,20
"487","Over 3s","Private","Wellington School (Ayr) Ltd","South Ayrshire","27/08/2024",5,5,5,5,0,20
"488","Over 3s","Voluntary or Not for Profit","Muirtown After School Klub","Highland","01/03/2023",4,5,4,4,0,17
"489","Under 3s","Local Authority","Onthank Early Childhood Centre","East Ayrshire","01/05/2018",5,6,5,6,0,22
"490","Under 3s","Local Authority","Netherthird Early Childhood Centre","East Ayrshire","19/07/2021",4,4,4,4,0,16
"491","Under 3s","Local Authority","Cairns Early Childhood Centre","East Ayrshire","19/08/2024",4,4,4,3,0,15
"492","Under 3s","Local Authority","Shortlees Early Childhood Centre","East Ayrshire","13/09/2021",4,5,5,5,0,19
"493","Under 3s","Voluntary or Not for Profit","Viewpark Childcare Services","North Lanarkshire","08/09/2021",4,4,4,4,0,16
"494","Under 3s","Local Authority","Cherry Tree Early Years Centre","South Ayrshire","07/07/2020",5,4,5,5,0,19
"495","Over 3s","Local Authority","Mossblown Care Club","South Ayrshire","30/08/2024",4,4,4,4,0,16
"496","Under 3s","Voluntary or Not for Profit","Quarriers Family Resource Centre","Glasgow City","12/11/2018",5,5,4,5,0,19
"497","Under 3s","Private","Busy Bees @ Melrose","Scottish Borders","01/03/2024",4,5,5,4,0,18
"498","Over 3s","Voluntary or Not for Profit","Burgh Out of School Club","Scottish Borders","19/06/2024",4,4,4,4,0,16
"499","Over 3s","Local Authority","Abbotswell Primary School Nursery","Aberdeen City","19/04/2023",5,5,5,5,0,20
"500","Over 3s","Local Authority","Ashley Road School Nursery","Aberdeen City","07/02/2020",5,5,5,5,0,20
"501","Over 3s","Local Authority","Braehead Primary School Nursery","Aberdeen City","19/04/2024",5,5,5,5,0,20
"502","Over 3s","Private","Childcare Connections - Craigour","City of Edinburgh","08/04/2019",5,5,5,5,0,20
"503","Over 3s","Local Authority","Airyhall Nursery","Aberdeen City","16/04/2018",5,5,5,5,0,20
"504","Over 3s","Local Authority","Broomhill School Nursery","Aberdeen City","02/04/2024",4,4,4,4,0,16
"505","Over 3s","Local Authority","Brimmond School Nursery","Aberdeen City","19/04/2022",4,4,4,4,0,16
"506","Over 3s","Local Authority","Charleston School Nursery","Aberdeen City","23/09/2020",5,5,5,5,0,20
"507","Over 3s","Local Authority","Cornhill School Nursery","Aberdeen City","02/05/2018",4,5,5,5,0,19
"508","Over 3s","Local Authority","Culter School Nursery","Aberdeen City","22/03/2024",4,4,3,3,0,14
"509","Over 3s","Local Authority","Cults Primary School Nursery","Aberdeen City","15/12/2022",5,5,4,4,0,18
"510","Under 3s","Local Authority","Riverbank School Nursery","Aberdeen City","28/06/2024",3,3,3,3,0,12
"511","Over 3s","Local Authority","Dyce School Nursery","Aberdeen City","18/07/2024",5,5,5,4,0,19
"512","Over 3s","Local Authority","Fernielea School Nursery","Aberdeen City","29/11/2022",4,5,4,5,0,18
"513","Over 3s","Local Authority","Ferryhill School Nursery","Aberdeen City","09/11/2023",4,4,5,5,0,18
"514","Over 3s","Local Authority","Forehill School Nursery","Aberdeen City","10/07/2024",4,4,4,4,0,16
"515","Over 3s","Local Authority","Gilcomstoun School Nursery","Aberdeen City","03/01/2024",4,5,5,5,0,19
"516","Over 3s","Local Authority","Greenbrae School Nursery Class","Aberdeen City","08/01/2020",4,5,4,4,0,17
"517","Over 3s","Local Authority","Hanover Street School Nursery","Aberdeen City","12/12/2023",3,4,3,3,0,13
"518","Over 3s","Local Authority","Hazlehead Primary School Nursery","Aberdeen City","15/03/2018",5,4,4,5,0,18
"519","Over 3s","Local Authority","Kaimhill Primary School Nursery","Aberdeen City","22/06/2021",5,5,5,5,0,20
"520","Over 3s","Local Authority","Kingswells Primary School Nursery","Aberdeen City","09/10/2019",4,5,5,5,0,19
"521","Over 3s","Local Authority","Kirkhill School Nursery","Aberdeen City","24/06/2024",4,3,3,3,0,13
"522","Over 3s","Local Authority","Kittybrewster School Nursery","Aberdeen City","21/12/2023",4,2,3,2,0,11
"523","Over 3s","Local Authority","Loirston School Nursery","Aberdeen City","14/09/2022",5,5,5,5,0,20
"524","Over 3s","Local Authority","Heathryburn Nursery School","Aberdeen City","26/06/2024",4,3,4,3,0,14
"525","Over 3s","Local Authority","Middleton Park School Nursery","Aberdeen City","06/11/2019",5,5,5,5,0,20
"526","Over 3s","Local Authority","Mile End Nursery","Aberdeen City","28/03/2019",5,5,5,5,0,20
"527","Over 3s","Local Authority","Milltimber School Nursery","Aberdeen City","25/07/2023",5,5,5,4,0,19
"528","Over 3s","Local Authority","Muirfield School Nursery","Aberdeen City","07/08/2024",4,4,4,3,0,15
"529","Over 3s","Local Authority","Quarryhill School Nursery","Aberdeen City","16/11/2018",4,4,4,4,0,16
"530","Over 3s","Local Authority","Scotstown School Nursery","Aberdeen City","29/01/2020",5,5,4,5,0,19
"531","Over 3s","Local Authority","Seaton School Nursery","Aberdeen City","21/03/2024",5,6,6,5,0,22
"532","Over 3s","Local Authority","Skene Square Primary School Nursery","Aberdeen City","28/05/2024",5,5,5,5,0,20
"533","Over 3s","Local Authority","Manor Park School Nursery","Aberdeen City","26/11/2019",5,5,5,5,0,20
"534","Over 3s","Local Authority","Kingsford School Nursery","Aberdeen City","14/05/2024",4,4,3,3,1,14
"535","Over 3s","Local Authority","St. Joseph's RC School Nursery","Aberdeen City","09/05/2018",5,5,4,5,0,19
"536","Over 3s","Voluntary or Not for Profit","Barnardo's Holiday Playscheme (Dudhope)","Dundee City","28/07/2023",5,5,5,5,0,20
"537","Over 3s","Voluntary or Not for Profit","Heathfield Out of School Care","South Ayrshire","19/03/2019",5,5,5,5,0,20
"538","Over 3s","Local Authority","Stoneywood School Nursery","Aberdeen City","31/10/2019",5,5,4,5,0,19
"539","Over 3s","Local Authority","Sunnybank School Nursery","Aberdeen City","22/10/2019",5,5,5,5,0,20
"540","Over 3s","Local Authority","Tullos School Nursery","Aberdeen City","31/10/2019",5,5,5,5,0,20
"541","Over 3s","Local Authority","Greyhope School Nursery","Aberdeen City","10/11/2023",3,3,3,3,0,12
"542","Over 3s","Local Authority","Woodside School Nursery","Aberdeen City","04/03/2024",5,4,3,3,0,15
"543","Under 3s","Local Authority","Arthurlie Family Centre","East Renfrewshire","13/07/2020",5,5,5,6,1,21
"544","Over 3s","Local Authority","Glenwood Family Centre","East Renfrewshire","09/05/2023",6,5,6,6,0,23
"545","Over 3s","Local Authority","Hazeldene Family Centre","East Renfrewshire","15/04/2019",5,6,5,6,0,22
"546","Under 3s","Local Authority","Madras Family Centre","East Renfrewshire","30/07/2018",5,5,5,5,0,20
"547","Over 3s","Local Authority","Arinagour Primary Pre Five Unit","Argyll & Bute","24/08/2018",4,4,4,5,0,17
"548","Under 3s","Local Authority","Arrochar Primary Pre Five Unit","Argyll & Bute","02/03/2020",5,6,5,6,0,22
"549","Under 3s","Local Authority","Bowmore Primary Pre Five Unit","Argyll & Bute","18/03/2020",5,5,4,5,0,19
"550","Under 3s","Local Authority","Bunessan Primary Pre Five Unit","Argyll & Bute","01/11/2018",4,4,4,4,0,16
"551","Over 3s","Local Authority","Campbeltown Nursery Centre","Argyll & Bute","27/02/2024",4,5,5,5,0,19
"552","Over 3s","Local Authority","Carradale Primary Pre Five Unit","Argyll & Bute","24/08/2018",4,4,4,5,0,17
"553","Under 3s","Local Authority","Clyde Cottage Nursery Centre","Argyll & Bute","11/12/2023",4,4,4,4,0,16
"554","Over 3s","Local Authority","Colgrain Primary Pre Five Unit","Argyll & Bute","09/03/2018",5,5,5,5,0,20
"555","Over 3s","Local Authority","Dalintober ELCC","Argyll & Bute","01/05/2018",4,5,5,5,0,19
"556","Under 3s","Local Authority","Dalmally Primary Pre Five Unit","Argyll & Bute","13/02/2019",4,5,4,4,0,17
"557","Over 3s","Local Authority","Drumlemble Primary Pre Five Unit","Argyll & Bute","14/03/2019",4,4,4,4,0,16
"558","Over 3s","Local Authority","Dunbeg Primary Pre Five Unit","Argyll & Bute","19/05/2023",3,3,3,3,0,12
"559","Under 3s","Local Authority","Dunoon Primary Pre Five Unit","Argyll & Bute","06/07/2023",4,4,4,4,0,16
"560","Under 3s","Local Authority","Easdale Primary Pre Five Unit","Argyll & Bute","27/02/2020",5,5,5,5,0,20
"561","Over 3s","Local Authority","Gigha Primary Pre Five Unit","Argyll & Bute","21/11/2017",4,5,4,5,0,18
"562","Over 3s","Local Authority","Inveraray Pre Five Unit","Argyll & Bute","18/12/2019",5,4,4,4,0,17
"563","Under 3s","Local Authority","Kilcreggan Primary Pre Five Unit","Argyll & Bute","25/04/2019",4,4,4,4,0,16
"564","Over 3s","Local Authority","Kilmartin Primary  Pre Five Unit","Argyll & Bute","01/03/2018",4,5,5,5,0,19
"565","Over 3s","Local Authority","Kilmodan Primary Pre Five Unit","Argyll & Bute","05/04/2018",5,5,5,5,0,20
"566","Over 3s","Local Authority","Kilninver Primary Pre Five Unit","Argyll & Bute","02/11/2017",4,5,4,5,0,18
"567","Over 3s","Local Authority","Kirn Primary Pre Five Unit","Argyll & Bute","24/04/2019",5,4,4,5,0,18
"568","Over 3s","Local Authority","Lismore Primary Pre Five Unit","Argyll & Bute","29/08/2019",5,4,4,4,0,17
"569","Over 3s","Local Authority","Keills Primary Pre Five Unit","Argyll & Bute","18/01/2018",4,4,5,4,0,17
"570","Over 3s","Local Authority","Port Ellen Primary Pre Five Unit","Argyll & Bute","03/05/2018",5,5,5,5,0,20
"571","Over 3s","Local Authority","Rhunahaorine Primary Pre Five Unit","Argyll & Bute","02/11/2018",5,5,5,5,0,20
"572","Over 3s","Local Authority","Salen Primary Pre Five Unit","Argyll & Bute","06/02/2023",4,4,4,4,0,16
"573","Over 3s","Local Authority","Sandbank Primary Pre Five Unit","Argyll & Bute","26/06/2018",5,5,5,5,0,20
"574","Over 3s","Local Authority","Small Isles Primary Pre Five Unit","Argyll & Bute","15/09/2021",3,4,4,4,0,15
"575","Over 3s","Local Authority","Strath of Appin Primary Pre Five Unit","Argyll & Bute","07/07/2017",5,5,4,5,0,19
"576","Over 3s","Local Authority","Taynuilt Primary Pre Five Unit","Argyll & Bute","08/01/2019",4,5,4,4,0,17
"577","Under 3s","Local Authority","Tighnabruaich Primary Pre Five Unit","Argyll & Bute","04/06/2024",3,3,3,3,1,12
"578","Under 3s","Local Authority","Tiree Primary Pre Five Unit","Argyll & Bute","25/10/2023",5,5,5,5,0,20
"579","Under 3s","Local Authority","Auchinairn Early Years Centre","East Dunbartonshire","08/12/2021",4,4,4,4,0,16
"580","Over 3s","Local Authority","Baljaffray Early Years Centre","East Dunbartonshire","03/02/2023",4,4,4,4,0,16
"581","Under 3s","Local Authority","Woodland View Early Years","East Dunbartonshire","22/07/2019",5,5,5,6,0,21
"582","Under 3s","Local Authority","Castlehill Nursery Centre","East Dunbartonshire","03/03/2022",5,4,5,4,0,18
"583","Over 3s","Local Authority","Colquhoun Park Early Years Centre","East Dunbartonshire","14/05/2018",4,5,4,5,0,18
"584","Under 3s","Local Authority","Craighead Nursery Class","East Dunbartonshire","12/06/2023",4,5,4,5,0,18
"585","Under 3s","Local Authority","Gartconner Early Years Centre","East Dunbartonshire","26/06/2018",6,6,5,6,0,23
"586","Over 3s","Local Authority","Holy Family Early Years Centre","East Dunbartonshire","09/01/2020",4,6,6,4,0,20
"587","Over 3s","Local Authority","Killermont Early Years Centre","East Dunbartonshire","09/11/2022",5,5,5,5,0,20
"588","Under 3s","Local Authority","Lennoxtown Early Years Centre","East Dunbartonshire","29/11/2019",5,5,4,6,0,20
"589","Over 3s","Local Authority","Meadowburn Early Years Centre","East Dunbartonshire","29/11/2019",5,5,5,5,0,20
"590","Over 3s","Local Authority","Meadowburn Gaelic Medium Early Years Centre","East Dunbartonshire","27/03/2019",5,5,5,5,0,20
"591","Over 3s","Local Authority","Milngavie Early Years Centre","East Dunbartonshire","07/01/2020",6,5,5,6,0,22
"592","Over 3s","Local Authority","Torrance Early Years Centre","East Dunbartonshire","28/09/2023",5,5,5,5,0,20
"593","Under 3s","Local Authority","Twechar Nursery Class","East Dunbartonshire","22/03/2019",5,5,4,5,0,19
"594","Over 3s","Local Authority","Brucehill ELCC","West Dunbartonshire","23/06/2023",5,4,5,5,0,19
"595","Under 3s","Local Authority","Clydebank ELCC","West Dunbartonshire","10/05/2023",5,4,4,5,0,18
"596","Over 3s","Local Authority","Dalmonach ELCC","West Dunbartonshire","30/01/2020",4,4,4,4,0,16
"597","Over 3s","Local Authority","Dalmuir ELCC","West Dunbartonshire","21/12/2017",4,4,4,4,0,16
"598","Over 3s","Local Authority","Auchnacraig ELCC","West Dunbartonshire","04/05/2023",5,4,5,5,1,19
"599","Under 3s","Local Authority","Lennox ELCC","West Dunbartonshire","08/03/2019",6,5,4,5,0,20
"600","Under 3s","Local Authority","Ferryfield ELCC","West Dunbartonshire","10/04/2019",4,4,4,4,0,16
"601","Under 3s","Local Authority","Gartocharn ELCC","West Dunbartonshire","29/11/2019",4,4,5,4,0,17
"602","Over 3s","Local Authority","Gavinburn ELCC","West Dunbartonshire","26/06/2023",4,5,5,5,0,19
"603","Over 3s","Local Authority","Kilbowie ELCC","West Dunbartonshire","19/07/2022",5,5,5,5,0,20
"604","Over 3s","Local Authority","Linnvale ELCC","West Dunbartonshire","05/01/2022",4,5,5,5,0,19
"605","Under 3s","Local Authority","Braehead PS ELCC","West Dunbartonshire","24/05/2023",5,4,4,4,0,17
"606","Under 3s","Local Authority","St. Eunan's ELCC","West Dunbartonshire","29/08/2023",5,6,5,5,0,21
"607","Over 3s","Local Authority","St. Marys ELCC","West Dunbartonshire","11/09/2020",4,5,4,5,0,18
"608","Under 3s","Local Authority","Renton Primary School &ELCC","West Dunbartonshire","24/01/2019",4,4,4,4,0,16
"609","Over 3s","Local Authority","Whitecrook ELCC","West Dunbartonshire","16/03/2018",5,4,4,5,0,18
"610","Under 3s","Local Authority","Auchenlodment Early Learning and Childcare Class","Renfrewshire","05/10/2021",5,5,5,5,0,20
"611","Over 3s","Local Authority","Bushes Early Learning and Childcare Class","Renfrewshire","30/11/2022",5,5,5,5,0,20
"612","Under 3s","Local Authority","East Fulton Early Learning and Childcare Class","Renfrewshire","27/02/2024",4,4,4,4,0,16
"613","Under 3s","Local Authority","Gallowhill Early Learning and Childcare Class","Renfrewshire","27/03/2019",5,5,5,5,0,20
"614","Over 3s","Local Authority","Heriot Early Learning and Childcare Class","Renfrewshire","06/02/2018",4,5,5,5,0,19
"615","Over 3s","Local Authority","Houston Early Learning and Childcare Class","Renfrewshire","26/02/2020",5,5,5,5,0,20
"616","Over 3s","Local Authority","Lochwinnoch Early Learning and Childcare Class","Renfrewshire","25/04/2024",4,5,4,4,0,17
"617","Over 3s","Local Authority","Ralston Early Learning and Childcare Class","Renfrewshire","27/08/2024",3,4,4,3,0,14
"618","Over 3s","Local Authority","St Anne's Early Learning and Childcare Class","Renfrewshire","04/05/2024",4,4,3,3,0,14
"619","Under 3s","Local Authority","St Catherine's Early Learning and Childcare Class","Renfrewshire","11/04/2023",5,5,5,5,0,20
"620","Under 3s","Local Authority","St Charles' Early Learning and Childcare Class","Renfrewshire","17/07/2023",4,4,4,4,0,16
"621","Under 3s","Local Authority","St Mary's Early Learning and Childcare Class","Renfrewshire","24/05/2022",5,5,4,5,0,19
"622","Under 3s","Local Authority","St Peter's Early Learning and Childcare Class","Renfrewshire","28/10/2022",4,4,4,4,0,16
"623","Over 3s","Local Authority","Todholm Early Learning and Childcare Class","Renfrewshire","14/02/2020",5,5,5,5,0,20
"624","Over 3s","Local Authority","West Early Learning and Childcare Class","Renfrewshire","30/06/2022",5,4,4,5,0,18
"625","Over 3s","Local Authority","Wallace Early Learning and Childcare Class","Renfrewshire","02/12/2019",5,5,5,5,0,20
"626","Over 3s","Local Authority","Williamsburgh Early Learning and Childcare Class","Renfrewshire","25/04/2024",5,5,4,5,0,19
"627","Under 3s","Local Authority","St Margaret's Early Learning and Childcare Class","Renfrewshire","27/11/2019",4,5,5,5,0,19
"628","Under 3s","Local Authority","St John Bosco Early Learning and Childcare Class","Renfrewshire","05/11/2019",4,5,5,4,0,18
"629","Over 3s","Local Authority","Spateston Early Learning and Childcare Centre","Renfrewshire","17/05/2023",6,5,5,6,0,22
"630","Under 3s","Local Authority","Douglas Street Early Learning and Childcare Centre","Renfrewshire","23/08/2023",5,5,5,5,0,20
"631","Under 3s","Local Authority","Ferguslie Early Learning and Childcare Centre","Renfrewshire","07/01/2020",5,4,6,4,1,19
"632","Under 3s","Local Authority","Foxlea Early Learning and Childcare Centre","Renfrewshire","05/01/2024",4,4,4,4,0,16
"633","Under 3s","Local Authority","Glenburn Early Learning and Childcare Centre","Renfrewshire","01/08/2019",5,5,5,5,0,20
"634","Under 3s","Local Authority","Glenfield Early Learning and Childcare Centre","Renfrewshire","15/04/2024",4,4,4,4,0,16
"635","Under 3s","Local Authority","Hugh Smiley Early Learning and Childcare Centre","Renfrewshire","28/10/2022",5,5,5,5,0,20
"636","Under 3s","Local Authority","Riverbrae Early Learning and Childcare Centre","Renfrewshire","05/05/2023",4,4,4,4,2,16
"637","Under 3s","Local Authority","Moorpark Early Learning and Childcare Centre","Renfrewshire","23/12/2019",6,5,5,6,0,22
"638","Under 3s","Local Authority","Paisley Early Learning and Childcare Centre","Renfrewshire","23/10/2023",4,4,4,4,0,16
"639","Under 3s","Local Authority","West Johnstone Early Learning and Childcare Centre","Renfrewshire","05/11/2019",5,5,5,5,0,20
"640","Over 3s","Local Authority","Ibrox Primary School - Nursery Class","Glasgow City","31/01/2019",4,4,4,4,0,16
"641","Over 3s","Local Authority","Carmyle Nursery Class","Glasgow City","03/07/2023",4,5,5,5,0,19
"642","Over 3s","Local Authority","Dunard Nursery Class","Glasgow City","06/02/2018",5,5,4,5,0,19
"643","Under 3s","Local Authority","Elmvale Nursery Class","Glasgow City","17/01/2024",4,3,4,4,0,15
"644","Over 3s","Local Authority","St Constantine's Nursery Class","Glasgow City","08/11/2019",5,5,5,5,0,20
"645","Over 3s","Local Authority","Haghill Park Nursery Class","Glasgow City","03/04/2018",5,5,5,5,0,20
"646","Over 3s","Local Authority","Mount Florida Nursery Class","Glasgow City","16/04/2018",5,5,5,5,0,20
"647","Under 3s","Local Authority","Pollokshields Early Years Centre","Glasgow City","21/08/2023",4,5,5,5,0,19
"648","Over 3s","Local Authority","St. Angelas Nursery Class","Glasgow City","19/12/2023",4,5,5,4,0,18
"649","Over 3s","Local Authority","St. Mungo's Nursery Class","Glasgow City","08/02/2019",5,5,5,5,0,20
"650","Over 3s","Local Authority","St. Timothys Nursery Class","Glasgow City","16/02/2018",5,5,4,4,0,18
"651","Under 3s","Local Authority","Bridgeton Family Learning Centre","Glasgow City","29/07/2019",5,4,4,5,0,18
"652","Under 3s","Local Authority","Dennistoun Early Years Centre","Glasgow City","31/10/2019",5,5,6,6,0,22
"653","Under 3s","Local Authority","Budhill Family Learning C E C","Glasgow City","06/02/2024",4,2,3,3,1,12
"654","Under 3s","Local Authority","Burnbrae Children's Centre","Glasgow City","03/09/2019",6,6,5,5,0,22
"655","Under 3s","Local Authority","Castlemilk Day Nursery","Glasgow City","02/10/2019",4,4,5,5,0,18
"656","Under 3s","Local Authority","Festival Park Day Nursery","Glasgow City","30/07/2024",4,5,5,5,0,19
"657","Under 3s","Local Authority","Cowcaddens Day Nursery","Glasgow City","11/12/2018",5,4,4,5,0,18
"658","Under 3s","Local Authority","Drumchapel Family Learning Centre","Glasgow City","30/10/2018",6,5,5,5,0,21
"659","Under 3s","Local Authority","Govan Family Learning Centre","Glasgow City","12/06/2019",5,5,4,5,0,19
"660","Under 3s","Local Authority","Fasque Family Centre","Glasgow City","13/12/2018",4,5,4,5,0,18
"661","Under 3s","Local Authority","Hamiltonhill Family Learning Centre","Glasgow City","11/07/2023",5,5,5,5,0,20
"662","Under 3s","Local Authority","Lime Tree Day Nursery","Glasgow City","11/09/2019",5,5,5,5,0,20
"663","Under 3s","Local Authority","Milton Community Nursery","Glasgow City","12/05/2021",4,4,4,4,0,16
"664","Under 3s","Local Authority","Molendinar Family L C","Glasgow City","27/05/2024",5,4,5,5,0,19
"665","Under 3s","Local Authority","Onslow Drive Day Nursery","Glasgow City","22/03/2024",4,4,4,4,0,16
"666","Under 3s","Local Authority","Sandyford Day Nursery","Glasgow City","24/12/2018",4,5,6,5,0,20
"667","Under 3s","Local Authority","Sandy Road Day Nursery","Glasgow City","30/10/2023",3,4,3,3,0,13
"668","Under 3s","Local Authority","Adelphi Nursery School","Glasgow City","18/06/2019",5,5,5,5,0,20
"669","Over 3s","Local Authority","Arnwood Nursery School","Glasgow City","18/05/2022",4,5,4,4,1,17
"670","Under 3s","Local Authority","Barlanark Family Learning Centre","Glasgow City","01/06/2023",5,5,5,4,0,19
"671","Over 3s","Local Authority","Belhaven Nursery School","Glasgow City","30/01/2024",4,5,5,5,0,19
"672","Under 3s","Local Authority","Bonnybroom Nursery","Glasgow City","26/08/2024",4,5,4,4,0,17
"673","Under 3s","Local Authority","Broomloan Nursery School","Glasgow City","23/01/2020",5,6,5,5,0,21
"674","Over 3s","Local Authority","Buchlyvie Nursery School","Glasgow City","09/01/2024",5,5,5,5,0,20
"675","Over 3s","Local Authority","Caldercuilt Nursery Class","Glasgow City","23/11/2018",5,5,5,5,0,20
"676","Under 3s","Local Authority","Cloan Nursery School","Glasgow City","20/12/2018",5,5,5,5,0,20
"677","Over 3s","Local Authority","Cloverbank Nursery School","Glasgow City","06/02/2024",5,5,5,4,0,19
"678","Under 3s","Local Authority","Craigbank Nursery School","Glasgow City","14/03/2024",5,5,5,5,0,20
"679","Over 3s","Local Authority","Our Lady of Lourdes Nursery Class","Glasgow City","11/09/2023",4,5,5,4,0,18
"680","Under 3s","Local Authority","Cranstonhill Nursery School","Glasgow City","26/05/2023",4,4,4,4,0,16
"681","Over 3s","Local Authority","Deanpark Nursery School","Glasgow City","24/01/2020",5,6,4,6,0,21
"682","Under 3s","Local Authority","Eastwood Nursery School","Glasgow City","07/08/2023",4,5,5,4,0,18
"683","Under 3s","Local Authority","Silverdale Nursery","Glasgow City","14/03/2024",3,2,3,2,3,10
"684","Under 3s","Local Authority","Elmcroft Nursery School","Glasgow City","13/10/2023",5,5,5,5,0,20
"685","Over 3s","Voluntary or Not for Profit","BASC: Lasswade Service","Midlothian","27/03/2018",5,5,4,5,0,19
"686","Over 3s","Local Authority","Victoria Road Nursery","Glasgow City","24/04/2024",5,5,5,5,0,20
"687","Under 3s","Local Authority","Helenslea Nursery School","Glasgow City","10/01/2020",4,4,4,5,0,17
"688","Over 3s","Local Authority","Hilltop Nursery School","Glasgow City","25/04/2018",4,6,6,5,0,21
"689","Under 3s","Local Authority","Jimmy Dunnachie F L C","Glasgow City","16/05/2024",4,4,4,4,0,16
"690","Over 3s","Local Authority","Keppoch Nursery School","Glasgow City","10/04/2024",4,3,4,4,0,15
"691","Under 3s","Local Authority","Lamlash Nursery School","Glasgow City","15/12/2023",5,5,5,5,0,20
"692","Under 3s","Local Authority","Carmichael Nursery","Glasgow City","10/12/2018",5,5,4,5,0,19
"693","Under 3s","Local Authority","Linthaugh Nursery School","Glasgow City","16/11/2023",4,5,4,4,1,17
"694","Under 3s","Local Authority","Lochview Nursery","Glasgow City","11/12/2018",5,6,5,5,0,21
"695","Over 3s","Local Authority","Lyoncross Nursery School","Glasgow City","02/04/2024",5,5,5,5,0,20
"696","Over 3s","Local Authority","Maryhill Park Nursery School","Glasgow City","28/06/2017",4,5,4,4,0,17
"697","Over 3s","Local Authority","Nithsdale Road Nursery School","Glasgow City","08/01/2018",5,5,6,6,0,22
"698","Over 3s","Local Authority","Novar Nursery School","Glasgow City","18/06/2020",4,5,5,5,0,19
"699","Under 3s","Local Authority","Winter Gardens Nursery","Glasgow City","25/09/2023",5,5,5,5,0,20
"700","Over 3s","Local Authority","Penilee Nursery School","Glasgow City","11/06/2021",5,5,5,5,0,20
"701","Under 3s","Local Authority","Pikeman Nursery School and Family Learning Centre","Glasgow City","05/01/2022",5,4,5,4,0,18
"702","Over 3s","Local Authority","Renfrew Street Nursery School","Glasgow City","15/09/2017",5,5,4,5,0,19
"703","Under 3s","Local Authority","Rosshall Nursery School","Glasgow City","31/10/2023",4,4,4,4,1,16
"704","Under 3s","Local Authority","Rowena Nursery School","Glasgow City","08/12/2022",5,4,5,5,0,19
"705","Under 3s","Local Authority","Royston Nursery School","Glasgow City","23/01/2020",5,6,5,6,0,22
"706","Over 3s","Local Authority","Sandaig Nursery School","Glasgow City","22/05/2024",4,5,4,4,0,17
"707","Under 3s","Local Authority","Scaraway Nursery School","Glasgow City","16/05/2024",3,4,4,4,0,15
"708","Under 3s","Local Authority","Sighthill Nursery School","Glasgow City","22/04/2021",5,5,5,5,0,20
"709","Over 3s","Local Authority","St. Bridgets Nursery Class","Glasgow City","30/03/2018",5,4,5,4,0,18
"710","Under 3s","Local Authority","St. Clares Day Nursery","Glasgow City","08/04/2024",5,5,6,5,0,21
"711","Over 3s","Local Authority","St. Fillans Nursery Class","Glasgow City","14/11/2017",5,5,6,6,0,22
"712","Over 3s","Local Authority","St. Paul's Nursery Class","Glasgow City","22/02/2019",4,5,4,5,0,18
"713","Over 3s","Local Authority","Thornlaw Nursery School","Glasgow City","16/05/2024",5,5,5,5,0,20
"714","Under 3s","Local Authority","St. Joseph's R.C. Primary School Nursery Class","City of Edinburgh","11/12/2019",5,5,5,5,0,20
"715","Under 3s","Local Authority","Rockfield Nursery","Glasgow City","08/11/2023",3,3,4,3,1,13
"716","Under 3s","Local Authority","Benview Early Years Centre","Glasgow City","14/08/2019",5,4,5,5,0,19
"717","Under 3s","Local Authority","Westerhouse Nursery School and Family Learning Centre","Glasgow City","20/08/2019",4,4,4,4,0,16
"718","Under 3s","Local Authority","Woodacre Nursery School","Glasgow City","19/09/2023",4,5,5,5,0,19
"719","Over 3s","Local Authority","Woodside Nursery School","Glasgow City","20/01/2020",5,5,5,6,0,21
"720","Over 3s","Local Authority","Wyndford Nursery School","Glasgow City","10/10/2019",5,6,4,6,0,21
"721","Over 3s","Local Authority","Broomhouse Primary School Nursery","City of Edinburgh","03/07/2018",5,4,4,5,0,18
"722","Under 3s","Local Authority","Cornton Nursery","Stirling","16/01/2023",5,5,5,5,0,20
"723","Under 3s","Voluntary or Not for Profit","St. Columba's Playgroup (Annan)","Dumfries & Galloway","22/08/2024",4,5,4,4,0,17
"724","Over 3s","Voluntary or Not for Profit","PEACE Onthank","East Ayrshire","16/01/2020",4,4,5,5,0,18
"725","Under 3s","Private","Hyde 'n' Seek Nursery","Glasgow City","24/01/2024",5,5,4,3,0,17
"726","Over 3s","Voluntary or Not for Profit","Rascals After School","East Ayrshire","28/11/2023",4,3,3,4,0,14
"727","Under 3s","Private","Busy Bees @ Castle View","Fife","26/10/2021",5,5,5,5,0,20
"728","Over 3s","Voluntary or Not for Profit","COSMOS After School Club","Fife","12/05/2023",4,3,4,4,0,15
"729","Over 3s","Voluntary or Not for Profit","PEACE Gargieston","East Ayrshire","17/04/2024",4,4,4,4,0,16
"730","Under 3s","Local Authority","Hawthorn Family Learning Centre","Midlothian","21/01/2019",5,5,5,6,0,21
"731","Over 3s","Local Authority","Sinclairtown Out of School Club","Fife","12/01/2024",4,4,3,3,0,14
"732","Under 3s","Private","Little Hands Nursery","North Lanarkshire","06/05/2024",5,5,5,5,0,20
"733","Under 3s","Private","Ankerville Baby Unit","Highland","23/08/2022",4,5,5,5,0,19
"734","Over 3s","Voluntary or Not for Profit","Danderhall After School Club","Midlothian","08/03/2023",4,4,4,4,0,16
"735","Under 3s","Private","Rainbow Nursery Dalgety Bay","Fife","06/09/2023",3,4,3,4,2,14
"736","Over 3s","Voluntary or Not for Profit","GAP OSC - Daisy Street","Glasgow City","24/05/2017",4,4,4,4,0,16
"737","Under 3s","Voluntary or Not for Profit","GAP Mobile Creche","Glasgow City","03/12/2019",4,4,4,3,0,15
"738","Over 3s","Voluntary or Not for Profit","Galleon Centre - Turtles Club","East Ayrshire","10/08/2023",4,4,4,4,0,16
"739","Under 3s","Local Authority","Granton Early Years Centre","City of Edinburgh","26/04/2019",4,5,4,5,0,18
"740","Over 3s","Local Authority","Auchinraith Primary School Nursery Class","South Lanarkshire","07/04/2023",4,5,5,4,0,18
"741","Under 3s","Local Authority","Ballerup Nursery Centre","South Lanarkshire","03/06/2024",5,5,5,5,0,20
"742","Over 3s","Local Authority","Bankhead Primary School Nursery Class","South Lanarkshire","29/11/2018",5,5,6,5,0,21
"743","Over 3s","Local Authority","Biggar Primary School Nursery Class","South Lanarkshire","13/03/2018",5,5,5,5,0,20
"744","Over 3s","Local Authority","Blackwood Primary School Nursery Class","South Lanarkshire","05/10/2017",5,5,5,5,0,20
"745","Over 3s","Local Authority","Cairns Primary School Nursery Class","South Lanarkshire","03/05/2023",5,5,5,5,0,20
"746","Under 3s","Local Authority","Carluke Primary School Nursery Class","South Lanarkshire","15/01/2024",4,5,5,5,0,19
"747","Over 3s","Local Authority","Carnwath Primary School Nursery Class","South Lanarkshire","24/10/2023",4,5,4,4,0,17
"748","Over 3s","Local Authority","Carstairs Junction Primary Nursery Class","South Lanarkshire","17/02/2020",4,4,4,4,0,16
"749","Over 3s","Local Authority","Castlefield Primary School Nursery Class","South Lanarkshire","02/10/2023",4,4,4,4,1,16
"750","Under 3s","Local Authority","Cathkin Community Nursery","South Lanarkshire","31/01/2019",5,5,6,6,0,22
"751","Under 3s","Local Authority","Cathkin Primary School Nursery Class","South Lanarkshire","03/04/2018",4,4,4,4,0,16
"752","Over 3s","Local Authority","Chatelherault Primary School Nursery Class","South Lanarkshire","25/01/2024",4,4,4,4,0,16
"753","Over 3s","Local Authority","Crosshouse Primary School Nursery Class","South Lanarkshire","02/10/2017",4,5,5,5,0,19
"754","Over 3s","Local Authority","David Livingstone Memorial Primary Nursery Class","South Lanarkshire","28/11/2017",5,5,5,5,0,20
"755","Under 3s","Local Authority","Douglas Primary School Nursery","South Lanarkshire","14/05/2019",4,4,4,4,0,16
"756","Over 3s","Local Authority","East Milton Primary School Nursery Class","South Lanarkshire","22/03/2019",5,4,5,4,0,18
"757","Under 3s","Local Authority","First Step Community Nursery","South Lanarkshire","11/12/2019",5,5,5,5,0,20
"758","Under 3s","Local Authority","Forth Primary School Nursery Class","South Lanarkshire","08/11/2023",5,4,4,5,0,18
"759","Over 3s","Local Authority","Glenlee Primary School Nursery Class","South Lanarkshire","28/02/2023",5,5,5,4,2,19
"760","Over 3s","Local Authority","Greenhills Primary School Nursery Class","South Lanarkshire","30/10/2019",5,5,4,5,0,19
"761","Under 3s","Local Authority","Halfmerke Community Nursery","South Lanarkshire","24/11/2023",4,5,5,4,0,18
"762","Over 3s","Local Authority","Hareleeshill Primary School Nursery Class","South Lanarkshire","01/09/2023",4,5,5,4,0,18
"763","Over 3s","Local Authority","Heathery Knowe Primary School Nursery Class","South Lanarkshire","24/01/2018",5,5,5,5,0,20
"764","Under 3s","Local Authority","Hollandbush Nursery","South Lanarkshire","29/11/2018",6,5,5,6,0,22
"765","Over 3s","Local Authority","Kirklandpark Primary School Nursery Class","South Lanarkshire","28/02/2020",5,5,5,5,0,20
"766","Over 3s","Local Authority","Kirktonholme Primary School Nursery Class","South Lanarkshire","21/09/2023",4,5,4,4,0,17
"767","Over 3s","Local Authority","Lanark Primary School Nursery Class","South Lanarkshire","28/06/2024",5,5,5,5,0,20
"768","Under 3s","Local Authority","Larkhall Children's Centre","South Lanarkshire","09/04/2024",4,4,4,5,0,17
"769","Over 3s","Local Authority","Law Primary School Nursery Class","South Lanarkshire","19/03/2024",5,5,5,5,0,20
"770","Over 3s","Local Authority","Loch Primary School Nursery Class","South Lanarkshire","14/01/2020",5,5,5,4,0,19
"771","Over 3s","Local Authority","Maxwellton Primary School Nursery Class","South Lanarkshire","30/11/2023",3,4,4,3,0,14
"772","Over 3s","Local Authority","Mount Cameron Primary School Nursery","South Lanarkshire","23/09/2022",5,5,5,5,0,20
"773","Over 3s","Local Authority","Mossneuk Primary School Nursery Class","South Lanarkshire","26/01/2024",4,4,4,4,0,16
"774","Over 3s","Local Authority","Muiredge Primary School Nursery Class","South Lanarkshire","15/10/2019",4,5,5,5,0,19
"775","Over 3s","Local Authority","Murray Primary School Nursery Class","South Lanarkshire","06/03/2023",4,4,4,4,0,16
"776","Over 3s","Local Authority","Netherburn Primary School Nursery Class","South Lanarkshire","27/11/2017",6,5,5,5,0,21
"777","Over 3s","Local Authority","Newfield Primary School Nursery Class","South Lanarkshire","21/01/2022",4,4,4,4,0,16
"778","Over 3s","Local Authority","Our Lady of Lourdes Primary Nursery Class","South Lanarkshire","29/08/2019",6,6,5,5,0,22
"779","Under 3s","Local Authority","Rigside & Rural Communities Nursery","South Lanarkshire","16/04/2019",5,5,5,5,0,20
"780","Over 3s","Local Authority","Robert Smillie Memorial Primary Nursery Class and Skylark Early Learning Centre","South Lanarkshire","29/02/2024",4,4,5,5,0,18
"781","Under 3s","Local Authority","Glenburgh Nursery Centre","South Lanarkshire","25/10/2023",4,4,4,4,1,16
"782","Under 3s","Local Authority","Dunbeth Family Learning Centre","North Lanarkshire","24/08/2022",4,4,5,5,0,18
"783","Under 3s","Local Authority","South Park Nursery","South Lanarkshire","29/01/2019",5,5,5,5,0,20
"784","Under 3s","Local Authority","Jigsaw Family Learning Centre","North Lanarkshire","20/05/2024",4,4,5,4,1,17
"785","Under 3s","Local Authority","Craigneuk Family Learning Centre","North Lanarkshire","29/09/2023",3,3,3,3,2,12
"786","Over 3s","Local Authority","St. Athanasius Primary School Nursery Class","South Lanarkshire","11/12/2017",5,4,5,5,0,19
"787","Over 3s","Local Authority","Hilltop Primary School Nursery Class and Language and Communication Support Centre (LCSC) NC","North Lanarkshire","23/02/2018",4,5,4,5,0,18
"788","Over 3s","Local Authority","St. Bride's Primary Nursery Class (Cambuslang)","South Lanarkshire","29/08/2019",5,5,5,5,0,20
"789","Under 3s","Local Authority","Devonview Family Learning Centre","North Lanarkshire","11/04/2019",5,6,5,6,0,22
"790","Over 3s","Local Authority","St. Bride's Primary Nursery Class (Bothwell)","South Lanarkshire","18/12/2019",5,5,5,6,0,21
"791","Over 3s","Local Authority","St. Cuthbert's Primary School Nursery Class","South Lanarkshire","12/01/2021",4,4,4,4,0,16
"792","Over 3s","Local Authority","St. Andrew's Primary School Nursery Class","North Lanarkshire","14/01/2020",4,5,5,4,0,18
"793","Under 3s","Local Authority","Bellshill Family Learning Centre","North Lanarkshire","23/02/2023",4,4,4,4,0,16
"794","Over 3s","Local Authority","St. Elizabeth's Primary School Nursery Class","South Lanarkshire","05/06/2024",3,4,4,4,0,15
"795","Over 3s","Local Authority","St. Dominic's Primary Nursery Class","North Lanarkshire","08/01/2019",5,5,5,5,0,20
"796","Under 3s","Local Authority","St. Hilary's Primary School Nursery Class","South Lanarkshire","20/11/2023",4,4,4,4,0,16
"797","Under 3s","Local Authority","Kildrum Family Learning Centre","North Lanarkshire","07/08/2019",6,6,6,6,0,24
"798","Over 3s","Local Authority","St. Edward's Primary Nursery Class","North Lanarkshire","10/10/2017",5,5,5,5,0,20
"799","Over 3s","Local Authority","St. Joseph's Primary School Nursery Class","South Lanarkshire","29/03/2023",5,5,4,5,0,19
"800","Over 3s","Local Authority","St. Serf's Nursery Class","North Lanarkshire","14/10/2019",5,5,5,5,0,20
"801","Over 3s","Local Authority","St. Kenneth's Primary School Nursery Class","South Lanarkshire","12/06/2023",5,5,5,5,0,20
"802","Over 3s","Local Authority","St. Leonard's Primary School Nursery Class","South Lanarkshire","29/08/2019",5,5,5,5,0,20
"803","Under 3s","Local Authority","Victoria Primary Nursery Class","North Lanarkshire","20/02/2023",4,5,5,4,0,18
"804","Over 3s","Local Authority","St. Mark's Primary School Nursery Class","South Lanarkshire","25/10/2023",4,5,4,4,0,17
"805","Under 3s","Local Authority","St. Mary's Primary Nursery Centre","South Lanarkshire","15/11/2019",5,5,5,5,0,20
"806","Over 3s","Local Authority","Corpus Christi Primary Nursery Class","North Lanarkshire","15/01/2024",4,3,4,3,0,14
"807","Over 3s","Local Authority","Old Monkland Primary Nursery Class","North Lanarkshire","20/12/2017",4,5,5,5,0,19
"808","Under 3s","Local Authority","St. Patrick's Primary School Nursery Class","South Lanarkshire","14/05/2024",4,5,5,5,0,19
"809","Over 3s","Local Authority","St. Patrick's Primary School Nursery Class","North Lanarkshire","16/01/2023",4,4,4,4,0,16
"810","Over 3s","Local Authority","St. Timothy's Primary Nursery Class","North Lanarkshire","22/02/2019",5,5,5,5,0,20
"811","Over 3s","Local Authority","Riverbank Primary Nursery Class","North Lanarkshire","06/02/2024",4,4,4,4,0,16
"812","Over 3s","Local Authority","Our Lady & St Joseph's Primary Nursery Class","North Lanarkshire","13/11/2018",5,5,5,5,0,20
"813","Over 3s","Local Authority","Greengairs Primary Nursery Class","North Lanarkshire","14/08/2018",5,5,5,5,0,20
"814","Under 3s","Local Authority","Tinto Primary School Nursery Class","South Lanarkshire","03/09/2019",4,5,5,5,0,19
"815","Over 3s","Local Authority","New Monkland Primary Nursery Class","North Lanarkshire","16/01/2018",5,5,5,5,0,20
"816","Over 3s","Local Authority","Glengowan Primary Nursery Class","North Lanarkshire","14/06/2024",5,5,5,5,0,20
"817","Over 3s","Local Authority","St. David's Primary Nursery Class","North Lanarkshire","20/02/2023",4,5,4,4,0,17
"818","Over 3s","Local Authority","Wester Overton Primary School Nursery Class","South Lanarkshire","14/05/2024",4,4,4,4,0,16
"819","Under 3s","Local Authority","Ailsa Family Learning Centre","North Lanarkshire","25/03/2024",4,3,3,4,0,14
"820","Over 3s","Local Authority","Allanton Primary School Nursery Class","North Lanarkshire","24/11/2017",4,5,4,5,0,18
"821","Under 3s","Local Authority","Woodpark Primary School Nursery Class","South Lanarkshire","06/11/2023",4,4,4,4,0,16
"822","Over 3s","Local Authority","St. Gerard's Primary Nursery Class","North Lanarkshire","08/01/2024",4,3,3,4,0,14
"823","Under 3s","Local Authority","Our Lady & St Francis Primary Nursery Class","North Lanarkshire","17/04/2023",5,4,4,4,0,17
"824","Over 3s","Local Authority","St. Mary's Nursery Class","North Lanarkshire","27/03/2019",4,4,4,4,0,16
"825","Over 3s","Local Authority","Holytown Primary Nursery Class","North Lanarkshire","17/01/2023",5,5,5,5,0,20
"826","Over 3s","Local Authority","Mossend Primary School Nursery Class","North Lanarkshire","03/08/2021",4,4,4,4,0,16
"827","Over 3s","Local Authority","Glencairn Primary Nursery Class","North Lanarkshire","22/11/2022",4,4,4,4,0,16
"828","Over 3s","Local Authority","Muirhouse Primary Nursery Class","North Lanarkshire","17/12/2019",4,4,5,5,0,18
"829","Under 3s","Local Authority","Newmains Family Learning Centre","North Lanarkshire","12/04/2024",5,5,5,5,0,20
"830","Under 3s","Local Authority","Shotts Family Learning Centre","North Lanarkshire","05/09/2018",5,6,5,6,0,22
"831","Over 3s","Local Authority","New Stevenston Primary Nursery Class","North Lanarkshire","26/08/2021",5,6,5,5,0,21
"832","Over 3s","Local Authority","Tannochside Primary School Nursery Class","North Lanarkshire","24/11/2016",5,5,5,5,0,20
"833","Over 3s","Local Authority","Berryhill Primary Nursery Class","North Lanarkshire","03/08/2022",5,5,5,5,0,20
"834","Over 3s","Local Authority","Orchard Primary School Nursery Class","North Lanarkshire","20/12/2019",4,5,5,5,0,19
"835","Over 3s","Local Authority","Alexander Peden Primary Nursery Class","North Lanarkshire","11/03/2024",3,4,3,3,0,13
"836","Under 3s","Local Authority","Forgewood Family Learning Centre","North Lanarkshire","17/08/2022",5,5,4,4,0,18
"837","Under 3s","Local Authority","Shawhead Family Learning Centre","North Lanarkshire","28/03/2019",5,5,5,5,0,20
"838","Under 3s","Local Authority","Wishaw Family Learning Centre","North Lanarkshire","15/05/2024",5,5,5,5,0,20
"839","Over 3s","Local Authority","St. Helen's Primary Nursery Class","North Lanarkshire","23/01/2023",4,4,4,4,0,16
"840","Over 3s","Local Authority","Langtoon Kids Club","Perth & Kinross","22/07/2024",4,3,4,4,0,15
"841","Over 3s","Local Authority","Carbrain Nursery","North Lanarkshire","13/01/2020",5,5,5,5,0,20
"842","Over 3s","Local Authority","Woodlands Primary School Nursery Class","North Lanarkshire","18/02/2019",5,4,4,5,0,18
"843","Over 3s","Local Authority","Chapelgreen Primary Nursery Class","North Lanarkshire","08/04/2022",4,4,4,4,0,16
"844","Over 3s","Local Authority","Westfield Primary School Nursery","North Lanarkshire","29/08/2018",4,5,5,5,0,19
"845","Under 3s","Local Authority","Stepping Stones Family Learning Centre","North Lanarkshire","15/06/2020",5,4,5,4,0,18
"846","Over 3s","Local Authority","St. Francis Xavier RC Primary School, Early Learning and Childcare Class","Falkirk","16/02/2023",5,5,5,5,0,20
"847","Over 3s","Local Authority","Longside Primary School Nursery","Aberdeenshire","19/03/2024",4,5,4,4,0,17
"848","Over 3s","Local Authority","Ellon Primary School Nursery","Aberdeenshire","19/07/2024",3,4,3,3,0,13
"849","Under 3s","Local Authority","Sighthill Early Years Centre","City of Edinburgh","25/08/2020",5,5,5,5,0,20
"850","Under 3s","Local Authority","Beattock Nursery","Dumfries & Galloway","21/05/2024",4,5,4,4,0,17
"851","Over 3s","Local Authority","Belmont Nursery","Dumfries & Galloway","28/06/2024",5,4,4,5,0,18
"852","Over 3s","Local Authority","Canonbie Nursery","Dumfries & Galloway","19/12/2019",5,5,5,5,0,20
"853","Over 3s","Local Authority","Cargenbridge Nursery","Dumfries & Galloway","02/10/2023",5,5,5,5,0,20
"854","Over 3s","Local Authority","Castle Douglas Nursery","Dumfries & Galloway","27/08/2019",5,5,5,5,0,20
"855","Under 3s","Local Authority","Kirkcudbright Primary School Nursery Class","Dumfries & Galloway","17/07/2023",4,4,4,4,0,16
"856","Under 3s","Local Authority","Closeburn Nursery","Dumfries & Galloway","18/04/2024",3,3,3,3,1,12
"857","Over 3s","Local Authority","Creetown Nursery","Dumfries & Galloway","23/10/2023",4,4,4,4,0,16
"858","Under 3s","Local Authority","Dalbeattie Primary Nursery","Dumfries & Galloway","22/01/2019",5,5,5,5,0,20
"859","Over 3s","Local Authority","Dalry Nursery","Dumfries & Galloway","27/01/2023",4,5,4,4,0,17
"860","Under 3s","Local Authority","Eastriggs Nursery","Dumfries & Galloway","16/11/2022",4,5,4,4,0,17
"861","Under 3s","Local Authority","Gatehouse Nursery","Dumfries & Galloway","23/09/2022",4,5,5,5,0,19
"862","Over 3s","Local Authority","Georgetown Nursery","Dumfries & Galloway","18/12/2023",4,5,4,4,0,17
"863","Over 3s","Local Authority","Glenluce Nursery","Dumfries & Galloway","16/12/2022",5,5,4,5,0,19
"864","Under 3s","Local Authority","Hecklegirth Nursery","Dumfries & Galloway","17/01/2019",5,5,5,5,0,20
"865","Over 3s","Local Authority","Hoddom Nursery","Dumfries & Galloway","21/03/2024",3,3,3,4,0,13
"866","Under 3s","Local Authority","Kelloholm Nursery","Dumfries & Galloway","24/04/2024",4,4,4,3,0,15
"867","Over 3s","Local Authority","Gretna Nursery","Dumfries & Galloway","25/10/2023",4,4,5,4,0,17
"868","Under 3s","Local Authority","Kirkcowan Nursery","Dumfries & Galloway","25/03/2019",5,5,5,5,0,20
"869","Over 3s","Local Authority","Langholm Nursery","Dumfries & Galloway","03/12/2019",5,4,4,5,0,18
"870","Over 3s","Local Authority","Laurieknowe Nursery","Dumfries & Galloway","18/06/2019",4,5,5,5,0,19
"871","Under 3s","Local Authority","Lincluden Nursery","Dumfries & Galloway","16/01/2018",5,5,5,5,0,20
"872","Over 3s","Local Authority","Locharbriggs Nursery","Dumfries & Galloway","06/08/2021",4,4,4,4,0,16
"873","Over 3s","Local Authority","Lochmaben Nursery","Dumfries & Galloway","11/06/2024",4,4,4,4,0,16
"874","Under 3s","Local Authority","Lockerbie Nursery","Dumfries & Galloway","04/05/2023",5,5,4,4,0,18
"875","Over 3s","Voluntary or Not for Profit","Go Kids St Margaret's","Falkirk","03/06/2024",4,3,3,4,0,14
"876","Over 3s","Voluntary or Not for Profit","Cumbernauld YMCA - Chryston ASC (POMP)","North Lanarkshire","02/04/2024",4,4,4,4,0,16
"877","Over 3s","Voluntary or Not for Profit","Cumbernauld YMCA - Holy Cross ASC (POMP)","North Lanarkshire","20/03/2024",5,4,4,4,0,17
"878","Over 3s","Voluntary or Not for Profit","Cumbernauld YMCA - Condorrat ASC (POMP)","North Lanarkshire","17/11/2023",4,4,3,4,0,15
"879","Under 3s","Local Authority","Moffat Nursery","Dumfries & Galloway","21/05/2024",4,5,4,4,0,17
"880","Over 3s","Local Authority","Newington Nursery","Dumfries & Galloway","09/01/2024",4,5,5,4,0,18
"881","Over 3s","Local Authority","Noblehill Nursery","Dumfries & Galloway","02/08/2019",4,5,4,4,0,17
"882","Over 3s","Local Authority","Park Nursery","Dumfries & Galloway","12/02/2024",5,5,6,5,0,21
"883","Under 3s","Local Authority","Penninghame Nursery","Dumfries & Galloway","12/10/2022",5,5,5,5,0,20
"884","Under 3s","Local Authority","Rephad Nursery","Dumfries & Galloway","23/01/2024",3,2,2,2,0,9
"885","Over 3s","Local Authority","St. Teresas Nursery","Dumfries & Galloway","23/11/2023",4,3,4,4,0,15
"886","Over 3s","Local Authority","Sandhead Nursery","Dumfries & Galloway","02/11/2023",4,5,5,5,0,19
"887","Over 3s","Local Authority","Sanquhar Nursery","Dumfries & Galloway","09/06/2023",5,5,5,4,1,19
"888","Under 3s","Local Authority","Sheuchan Nursery","Dumfries & Galloway","04/04/2019",4,4,4,4,0,16
"889","Under 3s","Local Authority","Troqueer Nursery","Dumfries & Galloway","13/05/2024",5,5,5,4,0,19
"890","Over 3s","Local Authority","Whithorn Nursery","Dumfries & Galloway","16/10/2023",4,4,4,4,0,16
"891","Under 3s","Local Authority","Wigtown Nursery","Dumfries & Galloway","10/06/2019",4,5,4,4,0,17
"892","Over 3s","Local Authority","Airth Primary School, Early Learning and Childcare Class","Falkirk","23/10/2023",5,5,5,5,0,20
"893","Over 3s","Local Authority","Avonbridge Primary School Early Learning and Childcare Class","Falkirk","12/12/2023",5,5,5,5,0,20
"894","Under 3s","Local Authority","Myot View Early Learning  and Childcare Centre","Falkirk","15/03/2023",5,5,5,5,0,20
"895","Over 3s","Local Authority","Bainsford Primary School Early Learning and Childcare Class","Falkirk","27/02/2024",5,5,5,5,0,20
"896","Over 3s","Local Authority","Comely Park Primary School, Early Learning and Childcare Class","Falkirk","03/10/2023",5,4,5,5,0,19
"897","Under 3s","Local Authority","Glenburn Early Learning and Childcare Centre","Falkirk","10/05/2021",4,4,4,4,0,16
"898","Over 3s","Local Authority","Langlees Early Learning and Childcare Centre","Falkirk","22/11/2023",5,5,6,6,0,22
"899","Over 3s","Local Authority","Sacred Heart R C Primary School, Early Learning and Childcare Class","Falkirk","16/03/2021",5,5,5,5,0,20
"900","Over 3s","Local Authority","Larbert Village Primary School, Early Learning and Childcare Class","Falkirk","30/11/2023",5,5,5,5,0,20
"901","Over 3s","Local Authority","Ladeside Primary School Nursery","Falkirk","10/09/2020",5,5,5,5,0,20
"902","Over 3s","Local Authority","Shieldhill Primary School Nursery","Falkirk","15/05/2023",5,5,5,5,0,20
"903","Over 3s","Local Authority","Wallacestone Primary School Nursery","Falkirk","28/03/2019",5,5,5,5,0,20
"904","Over 3s","Local Authority","Westquarter Primary School Nursery","Falkirk","21/06/2023",5,5,5,5,0,20
"905","Over 3s","Local Authority","Whitecross Primary School Nursery","Falkirk","25/01/2023",5,5,4,5,0,19
"906","Over 3s","Local Authority","Head of Muir Primary School Nursery","Falkirk","23/02/2023",5,5,5,5,0,20
"907","Over 3s","Local Authority","Newton Primary School Nursery","Stirling","20/01/2020",5,5,5,5,0,20
"908","Over 3s","Local Authority","St. Mary's RC Primary School Nursery","Falkirk","06/03/2024",5,5,5,5,0,20
"909","Under 3s","Local Authority","Slamannan Early Learning and Childcare Class","Falkirk","26/06/2024",5,5,5,5,0,20
"910","Over 3s","Local Authority","Abbotsgrange Early Learning and Childcare Centre","Falkirk","30/11/2022",5,5,5,5,0,20
"911","Under 3s","Local Authority","Clackmannan ELC","Clackmannanshire","08/02/2023",5,4,4,4,0,17
"912","Under 3s","Local Authority","Sauchie ELC","Clackmannanshire","05/05/2021",5,5,5,5,0,20
"913","Over 3s","Local Authority","Redwell ELC","Clackmannanshire","05/10/2022",5,5,4,4,0,18
"914","Under 3s","Local Authority","Alva ELC","Clackmannanshire","17/05/2023",4,4,3,3,0,14
"915","Under 3s","Local Authority","Coalsnaughton ELC","Clackmannanshire","01/09/2023",5,5,5,5,0,20
"916","Over 3s","Local Authority","Strathdevon ELC","Clackmannanshire","21/03/2019",5,5,5,5,0,20
"917","Under 3s","Local Authority","Menstrie ELC","Clackmannanshire","13/02/2023",5,5,5,5,0,20
"918","Over 3s","Local Authority","Tillicoultry ELC","Clackmannanshire","03/10/2022",4,4,4,4,0,16
"919","Under 3s","Local Authority","Hillview Nursery","Stirling","02/04/2019",5,5,6,6,0,22
"920","Under 3s","Local Authority","Tulach ELC","Clackmannanshire","10/01/2023",4,4,4,4,0,16
"921","Under 3s","Local Authority","Doune Nursery","Stirling","08/11/2023",5,5,5,5,0,20
"922","Under 3s","Local Authority","St. Serf's ELC","Clackmannanshire","19/04/2023",5,5,5,5,0,20
"923","Over 3s","Local Authority","St. Mary's Episcopal Nursery","Stirling","23/12/2022",5,5,5,5,0,20
"924","Under 3s","Local Authority","Callander Primary School Nursery","Stirling","03/08/2022",5,5,5,5,0,20
"925","Under 3s","Local Authority","Dunblane Primary School Nursery","Stirling","18/12/2017",5,5,5,6,0,21
"926","Under 3s","Local Authority","Arnprior Nursery","Stirling","19/04/2019",6,6,5,5,0,22
"927","Under 3s","Local Authority","Park Drive Nursery","Stirling","03/10/2023",5,5,5,5,1,20
"928","Over 3s","Local Authority","Balfron Primary School Nursery","Stirling","18/04/2023",5,5,5,5,0,20
"929","Over 3s","Local Authority","Bridge of Allan Primary","Stirling","22/02/2023",5,5,5,5,0,20
"930","Over 3s","Local Authority","Cambusbarron Primary School Nursery","Stirling","26/05/2022",5,5,4,5,0,19
"931","Over 3s","Local Authority","East Plean Primary School Nursery","Stirling","29/04/2019",5,5,4,5,0,19
"932","Under 3s","Local Authority","Fallin Nursery & Out of School Care","Stirling","03/11/2023",5,5,5,5,0,20
"933","Over 3s","Local Authority","Fintry Primary School Nursery","Stirling","07/04/2023",5,5,5,5,0,20
"934","Over 3s","Local Authority","Borestone Primary School Nursery","Stirling","20/06/2024",4,4,4,4,0,16
"935","Over 3s","Local Authority","Braehead Primary School Nursery","Stirling","03/06/2021",4,4,4,4,0,16
"936","Over 3s","Local Authority","Riverside Primary School Nursery","Stirling","14/05/2019",5,6,6,5,0,22
"937","Under 3s","Local Authority","St. Ninians Primary School Nursery","Stirling","07/09/2023",5,5,5,5,0,20
"938","Over 3s","Local Authority","Strathblane Primary School Nursery","Stirling","02/09/2020",4,5,5,5,0,19
"939","Under 3s","Local Authority","Allan's Primary School Nursery","Stirling","15/10/2018",4,5,5,4,0,18
"940","Under 3s","Local Authority","Raploch Nursery","Stirling","31/10/2023",5,4,5,5,0,19
"941","Under 3s","Local Authority","Craigmillar Early Years Centre","City of Edinburgh","26/02/2021",5,5,5,5,0,20
"942","Under 3s","Local Authority","Viewforth Early Years Centre","City of Edinburgh","01/10/2018",5,5,5,6,0,21
"943","Under 3s","Local Authority","Gilmerton Early Years Centre","City of Edinburgh","10/10/2023",3,4,4,4,0,15
"944","Under 3s","Local Authority","Greendykes Early Years Centre","City of Edinburgh","29/03/2019",5,5,5,5,0,20
"945","Under 3s","Local Authority","Hailesland Early Years Centre","City of Edinburgh","13/07/2018",6,6,5,6,0,23
"946","Under 3s","Local Authority","Stenhouse Early Years Centre","City of Edinburgh","20/12/2018",5,5,5,5,0,20
"947","Under 3s","Local Authority","Craigentinny Early Learning and Childcare","City of Edinburgh","09/03/2023",4,4,4,4,0,16
"948","Under 3s","Local Authority","Fort Early Years Centre","City of Edinburgh","30/11/2018",5,4,5,5,0,19
"949","Under 3s","Private","Thrive Childcare and Education. Corner House - The Grange","City of Edinburgh","11/10/2023",3,3,3,3,0,12
"950","Over 3s","Local Authority","Glashieburn School Nursery","Aberdeen City","27/06/2023",5,5,5,4,0,19
"951","Over 3s","Local Authority","Danestone Primary School Nursery","Aberdeen City","03/07/2024",2,2,2,2,0,8
"952","Over 3s","Local Authority","Echt School Nursery Class","Aberdeenshire","10/01/2023",4,5,4,4,0,17
"953","Over 3s","Local Authority","Crombie School Nursery","Aberdeenshire","09/10/2023",5,5,5,5,0,20
"954","Over 3s","Local Authority","Alford Primary School Nursery","Aberdeenshire","04/10/2023",5,4,4,4,0,17
"955","Under 3s","Local Authority","Newburgh Mathers School Nursery Class","Aberdeenshire","22/06/2023",3,4,4,3,0,14
"956","Over 3s","Local Authority","Tarves School Nursery Class","Aberdeenshire","02/05/2024",4,5,5,5,0,19
"957","Over 3s","Local Authority","Pitmedden School Nursery","Aberdeenshire","04/02/2023",5,5,5,4,0,19
"958","Under 3s","Local Authority","Meiklemill School Nursery","Aberdeenshire","23/05/2023",5,5,4,5,0,19
"959","Over 3s","Local Authority","Port Elphinstone School Nursery Class","Aberdeenshire","07/03/2023",5,5,5,5,0,20
"960","Over 3s","Local Authority","Uryside School Nursery","Aberdeenshire","20/10/2022",5,5,5,5,0,20
"961","Under 3s","Local Authority","Kellands School Nursery","Aberdeenshire","07/02/2024",4,4,4,4,0,16
"962","Over 3s","Local Authority","Strathburn School Nursery Class","Aberdeenshire","24/06/2021",5,5,5,5,0,20
"963","Under 3s","Local Authority","Alehousewells School Nursery","Aberdeenshire","17/04/2023",5,5,5,5,0,20
"964","Over 3s","Local Authority","Insch School Nursery","Aberdeenshire","20/11/2018",5,5,5,6,0,21
"965","Over 3s","Local Authority","Port Erroll School Nursery","Aberdeenshire","02/05/2023",5,4,4,4,0,17
"966","Over 3s","Local Authority","Buchanhaven School Nursery","Aberdeenshire","22/11/2023",5,5,5,5,0,20
"967","Under 3s","Local Authority","Peterhead Central School Nursery","Aberdeenshire","02/11/2023",5,5,5,5,0,20
"968","Over 3s","Local Authority","Clerkhill School Nursery","Aberdeenshire","13/11/2019",4,5,5,4,0,18
"969","Under 3s","Local Authority","Greenacres ELC","Aberdeenshire","23/08/2022",4,4,4,4,0,16
"970","Under 3s","Local Authority","Boddam School Nursery","Aberdeenshire","21/02/2024",5,5,5,5,0,20
"971","Over 3s","Local Authority","Pitfour School Nursery","Aberdeenshire","08/11/2019",4,5,4,4,0,17
"972","Over 3s","Local Authority","Strichen School Nursery","Aberdeenshire","06/08/2019",5,5,5,6,0,21
"973","Over 3s","Local Authority","Sandhaven School Nursery","Aberdeenshire","18/04/2018",4,4,4,5,0,17
"974","Over 3s","Local Authority","Rosehearty School Nursery","Aberdeenshire","28/10/2019",5,5,5,5,0,20
"975","Over 3s","Local Authority","Crimond School Nursery","Aberdeenshire","03/07/2023",4,5,5,4,0,18
"976","Over 3s","Local Authority","Inverallochy School Nursery","Aberdeenshire","29/04/2024",3,3,2,2,0,10
"977","Over 3s","Local Authority","Lochpots School Nursery","Aberdeenshire","15/03/2019",4,4,4,4,0,16
"978","Over 3s","Local Authority","Fraserburgh North School Nursery","Aberdeenshire","18/12/2023",5,4,5,4,0,18
"979","Under 3s","Local Authority","St. Andrew's Primary School Fraserburgh","Aberdeenshire","26/09/2019",4,4,4,4,0,16
"980","Over 3s","Local Authority","Fraserburgh South Park School Nursery","Aberdeenshire","14/05/2024",4,5,4,4,0,17
"981","Over 3s","Local Authority","Whitehills School Nursery","Aberdeenshire","09/01/2024",4,4,4,4,0,16
"982","Under 3s","Local Authority","New Deer School Nursery","Aberdeenshire","26/03/2019",5,5,4,4,0,18
"983","Under 3s","Local Authority","Fyvie School Nursery","Aberdeenshire","11/01/2022",5,5,5,5,0,20
"984","Over 3s","Local Authority","Rhynie School Nursery","Aberdeenshire","10/01/2020",5,4,5,5,0,19
"985","Over 3s","Local Authority","Gartly School Nursery","Aberdeenshire","02/12/2019",4,5,4,5,0,18
"986","Over 3s","Local Authority","Gordon Primary School Nursery - Huntly","Aberdeenshire","14/09/2022",5,5,4,4,0,18
"987","Over 3s","Local Authority","Drumblade School Nursery","Aberdeenshire","11/01/2022",5,5,4,5,0,19
"988","Over 3s","Local Authority","Fishermoss School Nursery","Aberdeenshire","30/11/2022",5,5,4,4,0,18
"989","Over 3s","Local Authority","Torphins School Nursery","Aberdeenshire","14/03/2017",5,4,5,5,0,19
"990","Over 3s","Local Authority","Crossroads Nursery - Banchory","Aberdeenshire","15/11/2019",5,5,5,5,0,20
"991","Over 3s","Local Authority","Ballogie Nursery","Aberdeenshire","15/12/2022",5,5,4,5,0,19
"992","Under 3s","Local Authority","Braemar School Nursery Class","Aberdeenshire","08/07/2019",5,4,4,5,0,18
"993","Over 3s","Local Authority","Arduthie School Nursery","Aberdeenshire","31/08/2022",5,5,5,5,0,20
"994","Over 3s","Local Authority","St. Cyrus School Nursery Class","Aberdeenshire","16/04/2024",5,5,5,5,0,20
"995","Over 3s","Local Authority","Southesk ELCC","Angus","24/10/2022",5,5,4,5,0,19
"996","Over 3s","Local Authority","St. Margaret's RC Pre School Class","Angus","05/07/2023",4,4,3,4,0,15
"997","Over 3s","Local Authority","Rosemount Pre School Class","Angus","10/03/2023",4,5,4,4,0,17
"998","Over 3s","Local Authority","Timmergreens Pre School Class","Angus","11/05/2022",5,5,5,5,0,20
"999","Over 3s","Local Authority","Warddykes Pre School Class","Angus","19/02/2019",5,5,5,5,0,20
"1000","Over 3s","Local Authority","St. Thomas' RC Pre School Class","Angus","12/03/2020",5,5,4,5,0,19
"1001","Over 3s","Local Authority","Murroes Pre School Class","Angus","16/11/2022",4,5,4,4,0,17
"1002","Over 3s","Local Authority","Tealing Pre School Class","Angus","15/06/2023",5,4,5,5,0,19
"1003","Over 3s","Local Authority","Mattocks Pre School Class","Angus","03/04/2023",5,5,4,4,0,18
"1004","Over 3s","Local Authority","Langlands Pre-School Class","Angus","03/03/2023",5,5,4,4,0,18
"1005","Under 3s","Local Authority","Strathmore Pre School Class","Angus","08/11/2018",5,5,5,5,0,20
"1006","Over 3s","Local Authority","Glamis Pre School Class","Angus","12/03/2019",5,5,5,5,0,20
"1007","Over 3s","Local Authority","Inverarity Pre School Class","Angus","22/10/2018",6,5,5,5,0,21
"1008","Over 3s","Local Authority","Northmuir Pre School Class","Angus","23/12/2022",5,5,5,5,0,20
"1009","Over 3s","Local Authority","Cortachy Pre School Class","Angus","20/05/2019",5,5,5,5,0,20
"1010","Under 3s","Local Authority","Southmuir Pre School Class","Angus","26/06/2023",4,4,4,4,0,16
"1011","Over 3s","Local Authority","Isla Primary School Nursery","Angus","31/10/2019",5,5,5,5,0,20
"1012","Over 3s","Local Authority","Airlie Pre School Class","Angus","22/10/2019",5,6,5,5,0,21
"1013","Over 3s","Local Authority","Maisondieu Townhead Pre School Class","Angus","15/04/2019",5,6,6,6,0,23
"1014","Under 3s","Local Authority","Andover Pre School Class","Angus","22/05/2023",4,5,5,5,0,19
"1015","Over 3s","Local Authority","Stracathro Pre School Class","Angus","29/11/2023",5,5,5,5,0,20
"1016","Over 3s","Local Authority","Balgay Hill Nursery School","Dundee City","13/06/2024",5,5,5,5,0,20
"1017","Over 3s","Local Authority","St. Mary's RC Primary Sch Nursery - Dundee","Dundee City","18/12/2018",5,4,4,5,0,18
"1018","Under 3s","Local Authority","Woodlea Children's Centre","Dundee City","15/02/2023",6,6,6,6,0,24
"1019","Under 3s","Local Authority","Jessie Porter Nursery School","Dundee City","25/03/2024",5,5,5,5,0,20
"1020","Under 3s","Local Authority","Downfield Early Years Centre","Dundee City","15/06/2023",5,5,5,5,0,20
"1021","Under 3s","Local Authority","Dens Road Primary School Nursery","Dundee City","29/05/2023",5,5,5,5,0,20
"1022","Over 3s","Local Authority","Frances Wright Nursery School","Dundee City","24/06/2019",6,5,5,6,0,22
"1023","Over 3s","Local Authority","St. Andrews Primary School Nursery Class","Dundee City","14/09/2023",5,5,4,5,0,19
"1024","Over 3s","Local Authority","Craigowl Primary School Nursery Class","Dundee City","10/08/2020",5,5,5,5,0,20
"1025","Under 3s","Local Authority","Ballumbie Early Years","Dundee City","20/12/2022",5,5,5,5,0,20
"1026","Over 3s","Local Authority","Wallacetown Nursery School","Dundee City","24/04/2024",5,5,5,5,0,20
"1027","Under 3s","Local Authority","Rowantree Primary School Early Years Service","Dundee City","30/11/2022",5,5,5,5,0,20
"1028","Under 3s","Local Authority","Claypotts Castle Primary School","Dundee City","31/03/2023",4,4,5,5,0,18
"1029","Under 3s","Local Authority","Mill Of Mains Primary School Nursery","Dundee City","14/04/2023",5,5,5,5,0,20
"1030","Over 3s","Local Authority","Eastern Primary School Nursery","Dundee City","17/04/2023",5,5,5,5,0,20
"1031","Over 3s","Local Authority","Riccarton Early Childhood Centre","East Ayrshire","26/09/2016",5,5,6,5,0,21
"1032","Over 3s","Local Authority","Darvel Early Childhood Centre","East Ayrshire","13/11/2023",4,5,5,5,0,19
"1033","Under 3s","Local Authority","Auchinleck Early Childhood Centre","East Ayrshire","11/04/2024",4,5,5,5,0,19
"1034","Under 3s","Local Authority","Sgoil-araich na Coille Nuaidh","East Ayrshire","07/10/2022",5,4,4,4,0,17
"1035","Under 3s","Local Authority","Kilmaurs Early Childhood Centre","East Ayrshire","20/12/2022",4,4,4,4,0,16
"1036","Over 3s","Local Authority","St. Andrew's Early Childhood Centre","East Ayrshire","20/08/2019",5,5,5,5,0,20
"1037","Over 3s","Local Authority","Catrine Early Childhood Centre","East Ayrshire","28/03/2024",5,5,5,5,0,20
"1038","Under 3s","Local Authority","Dalrymple Early Childhood Centre","East Ayrshire","09/02/2022",4,4,4,4,0,16
"1039","Over 3s","Local Authority","Littlemill Early Childhood Centre","East Ayrshire","22/05/2018",5,5,5,5,1,20
"1040","Under 3s","Local Authority","Patna Early Childhood Centre","East Ayrshire","22/04/2024",4,5,4,5,0,18
"1041","Over 3s","Local Authority","Dalmellington Primary and Early Childhood Centre","East Ayrshire","10/07/2023",5,5,5,5,0,20
"1042","Under 3s","Local Authority","Olivebank Children and Family Centre","East Lothian","16/08/2022",5,5,5,5,0,20
"1043","Over 3s","Local Authority","Loretto RC Primary School Nursery","East Lothian","25/04/2019",5,5,4,4,0,18
"1044","Over 3s","Local Authority","Pinkie St. Peter's Primary School Nursery Class","East Lothian","19/03/2024",4,3,3,3,1,13
"1045","Over 3s","Local Authority","Whitecraig Primary School Nursery","East Lothian","09/12/2021",5,5,5,5,0,20
"1046","Over 3s","Local Authority","Cockenzie Nursery Class","East Lothian","21/12/2017",4,5,4,5,0,18
"1047","Over 3s","Local Authority","Macmerry Primary School Nursery","East Lothian","30/10/2017",5,5,5,5,0,20
"1048","Over 3s","Local Authority","Ormiston Primary School Nursery","East Lothian","13/12/2022",5,5,5,4,0,19
"1049","Over 3s","Local Authority","Athelstaneford Primary School Nursery","East Lothian","14/02/2020",6,5,5,5,0,21
"1050","Over 3s","Local Authority","Haddington Infant School Nursery","East Lothian","15/05/2018",5,5,5,5,0,20
"1051","Under 3s","Local Authority","Dunbar Primary School Nursery","East Lothian","23/11/2023",3,3,3,3,0,12
"1052","Over 3s","Local Authority","Innerwick Primary School Nursery","East Lothian","26/06/2019",5,5,6,5,0,21
"1053","Over 3s","Local Authority","Aberlady Primary School Nursery","East Lothian","19/10/2017",4,5,5,4,0,18
"1054","Over 3s","Local Authority","Calderwood Lodge Family Centre","East Renfrewshire","03/04/2019",5,5,5,5,0,20
"1055","Over 3s","Local Authority","Netherlee Nursery Class","East Renfrewshire","10/01/2018",5,5,5,5,0,20
"1056","Over 3s","Local Authority","Giffnock Nursery Class","East Renfrewshire","22/06/2020",5,5,6,6,0,22
"1057","Over 3s","Local Authority","Eaglesham Nursery Class","East Renfrewshire","07/06/2023",5,5,5,5,0,20
"1058","Over 3s","Local Authority","Busby Primary School and Nursery","East Renfrewshire","31/01/2018",5,5,5,5,0,20
"1059","Over 3s","Local Authority","Buckstone Primary School Nursery","City of Edinburgh","10/10/2019",5,5,5,5,0,20
"1060","Over 3s","Local Authority","Carrick Knowe Primary School Nursery","City of Edinburgh","28/09/2020",5,5,5,5,0,20
"1061","Over 3s","Local Authority","Stanwell Nursery School","City of Edinburgh","13/03/2019",4,5,5,5,0,19
"1062","Over 3s","Local Authority","Leith Primary School Nursery","City of Edinburgh","07/02/2024",4,4,4,4,0,16
"1063","Under 3s","Local Authority","Leith Walk Primary School Nursery","City of Edinburgh","05/03/2018",5,5,5,5,0,20
"1064","Over 3s","Local Authority","Corstorphine Primary School Nursery","City of Edinburgh","05/07/2019",5,5,5,5,0,20
"1065","Over 3s","Local Authority","East Craigs Primary School Nursery","City of Edinburgh","11/01/2023",5,5,4,5,0,19
"1066","Under 3s","Voluntary or Not for Profit","The Edinburgh Academy Nursery","City of Edinburgh","28/03/2019",6,5,6,5,0,22
"1067","Under 3s","Local Authority","Queensferry Primary Early Learning and Childcare","City of Edinburgh","11/01/2024",5,4,4,4,0,17
"1068","Over 3s","Local Authority","Dalmeny Primary School Nursery","City of Edinburgh","19/08/2024",5,5,5,5,0,20
"1069","Over 3s","Local Authority","St. David's Primary School Nursery","City of Edinburgh","01/02/2017",5,5,5,5,0,20
"1070","Over 3s","Local Authority","Pirniehall Primary School Nursery","City of Edinburgh","23/01/2018",5,4,4,5,0,18
"1071","Over 3s","Local Authority","Cramond Primary School Nursery","City of Edinburgh","20/09/2017",5,5,5,5,0,20
"1072","Under 3s","Local Authority","Greengables Nursery School","City of Edinburgh","08/02/2019",5,6,6,6,0,23
"1073","Over 3s","Local Authority","St. Catherine's Primary School Nursery","City of Edinburgh","05/10/2017",4,5,5,4,0,18
"1074","Over 3s","Local Authority","Gracemount Primary School Nursery","City of Edinburgh","24/09/2019",5,4,6,4,0,19
"1075","Over 3s","Local Authority","Spinney Lane Nursery School","City of Edinburgh","19/01/2018",5,5,5,5,0,20
"1076","Under 3s","Local Authority","Newcraighall Primary School Nursery","City of Edinburgh","10/01/2020",4,4,4,4,0,16
"1077","Over 3s","Local Authority","Hope Cottage Nursery School","City of Edinburgh","19/12/2017",6,5,5,6,0,22
"1078","Over 3s","Local Authority","Tynecastle Nursery School","City of Edinburgh","07/05/2019",6,6,6,6,0,24
"1079","Over 3s","Local Authority","Stenhouse Primary School Nursery","City of Edinburgh","21/12/2016",5,5,5,5,0,20
"1080","Over 3s","Local Authority","Sighthill Primary School Nursery","City of Edinburgh","04/04/2023",5,4,4,4,0,17
"1081","Over 3s","Local Authority","Murrayburn Primary Early Learning and Childcare","City of Edinburgh","23/09/2016",5,5,5,4,0,19
"1082","Over 3s","Local Authority","Colinton Primary School Nursery Class","City of Edinburgh","27/04/2022",4,5,5,5,0,19
"1083","Over 3s","Local Authority","St. Mark's Primary School Nursery","City of Edinburgh","18/06/2024",4,4,3,4,0,15
"1084","Over 3s","Local Authority","Newport Primary School Nursery","Fife","08/04/2019",4,4,4,4,0,16
"1085","Over 3s","Local Authority","Wormit Primary School Nursery","Fife","17/11/2022",5,5,5,5,0,20
"1086","Over 3s","Local Authority","Balmerino Primary School Nursery","Fife","29/04/2019",5,6,5,5,0,21
"1087","Over 3s","Local Authority","Ferryport Nursery","Fife","13/06/2023",5,4,5,5,0,19
"1088","Over 3s","Local Authority","Tulliallan Primary School Nursery","Fife","16/01/2020",6,5,5,6,0,22
"1089","Over 3s","Local Authority","Kirkcaldy West Primary School Nursery","Fife","20/05/2024",5,5,5,5,0,20
"1090","Under 3s","Local Authority","Pathhead Primary School Nursery","Fife","11/05/2023",5,5,5,5,0,20
"1091","Under 3s","Local Authority","Dysart Primary School Nursery","Fife","15/03/2023",5,5,5,5,0,20
"1092","Under 3s","Local Authority","Gallatown Nursery","Fife","09/08/2021",5,5,5,5,0,20
"1093","Over 3s","Local Authority","East Wemyss Primary School Nursery","Fife","07/11/2022",5,5,4,4,1,18
"1094","Over 3s","Local Authority","Pittenweem Primary School Nursery","Fife","18/09/2018",4,5,4,5,0,18
"1095","Over 3s","Local Authority","Crail Primary School Nursery","Fife","10/10/2022",4,4,4,4,0,16
"1096","Over 3s","Local Authority","Park Road Primary School Nursery","Fife","30/04/2024",3,4,4,4,0,15
"1097","Over 3s","Local Authority","King's Road Primary School Nursery","Fife","29/06/2023",4,5,5,5,0,19
"1098","Over 3s","Local Authority","Limekilns Primary School Nursery","Fife","31/01/2023",4,4,4,4,0,16
"1099","Over 3s","Local Authority","St. Margaret's R C Primary School Nursery","Fife","16/01/2019",5,5,5,5,0,20
"1100","Over 3s","Local Authority","Touch Primary School Nursery","Fife","25/10/2022",5,5,4,5,0,19
"1101","Under 3s","Local Authority","Lynburn Primary School Nursery","Fife","09/12/2019",5,5,6,6,0,22
"1102","Under 3s","Local Authority","Beanstalk Family Nurture Centre","Fife","19/04/2023",5,5,5,5,0,20
"1103","Over 3s","Local Authority","Townhill Primary School Nursery","Fife","16/11/2023",5,5,5,4,0,19
"1104","Over 3s","Local Authority","Bellyeoman Primary School Nursery","Fife","15/03/2023",4,5,5,5,0,19
"1105","Over 3s","Local Authority","Pittencrieff Primary School Nursery","Fife","16/05/2024",5,5,5,5,0,20
"1106","Under 3s","Local Authority","Torryburn Primary School Nursery","Fife","08/12/2022",5,5,5,5,0,20
"1107","Over 3s","Local Authority","McLean Primary School Nursery","Fife","12/12/2023",4,5,5,4,0,18
"1108","Over 3s","Local Authority","Blairhall Primary School Nursery","Fife","03/08/2022",4,4,4,4,0,16
"1109","Under 3s","Local Authority","Inzievar Primary School Nursery","Fife","01/12/2022",5,5,5,5,0,20
"1110","Over 3s","Local Authority","Newburgh Primary School Nursery","Fife","19/07/2019",5,5,4,5,0,19
"1111","Under 3s","Local Authority","Auchtermuchty Primary School Nursery Centre","Fife","08/11/2019",4,5,5,5,0,19
"1112","Over 3s","Local Authority","Strathmiglo Primary School Nursery","Fife","29/05/2023",4,5,4,4,0,17
"1113","Over 3s","Local Authority","Ceres Primary School Nursery","Fife","23/06/2023",5,5,5,5,0,20
"1114","Over 3s","Local Authority","Springfield Primary School Nursery","Fife","12/06/2019",5,5,5,5,0,20
"1115","Over 3s","Local Authority","Falkland Primary School Nursery","Fife","09/05/2017",5,4,5,5,0,19
"1116","Over 3s","Local Authority","Freuchie Primary School Nursery","Fife","17/05/2023",5,5,5,5,0,20
"1117","Under 3s","Local Authority","Leuchars Primary School Nursery","Fife","15/02/2023",5,5,5,5,0,20
"1118","Over 3s","Local Authority","St. Andrews Nursery","Fife","30/05/2018",5,5,5,6,0,21
"1119","Over 3s","Local Authority","Canongate Primary School Nursery","Fife","04/04/2023",4,4,5,4,0,17
"1120","Over 3s","Local Authority","Lawhead Primary School Nursery","Fife","25/09/2023",4,5,4,4,0,17
"1121","Over 3s","Local Authority","Kirkcaldy North Primary School Nursery","Fife","16/01/2023",5,5,5,5,0,20
"1122","Under 3s","Local Authority","Valley Primary School Nursery","Fife","27/08/2020",5,5,5,5,0,20
"1123","Under 3s","Local Authority","Fair Isle Family Nurture Centre","Fife","27/03/2024",5,5,5,5,0,20
"1124","Over 3s","Local Authority","Capshard Primary School Nursery","Fife","04/04/2023",5,5,5,5,0,20
"1125","Over 3s","Local Authority","Torbain Primary School Nursery","Fife","20/03/2023",5,5,5,5,0,20
"1126","Over 3s","Local Authority","Kinghorn Primary School Nursery","Fife","19/04/2023",5,5,5,5,0,20
"1127","Under 3s","Local Authority","Clentry Nursery School","Fife","21/01/2019",5,5,5,5,0,20
"1128","Over 3s","Local Authority","Hill Of Beath Primary School Nursery","Fife","28/01/2019",4,5,5,5,0,19
"1129","Over 3s","Local Authority","Lumphinnans Primary & Community School Nursery","Fife","24/01/2019",4,5,5,5,0,19
"1130","Under 3s","Local Authority","St. Bride's R C Primary School Nursery","Fife","06/01/2023",5,5,5,5,0,20
"1131","Over 3s","Local Authority","Foulford Primary School Nursery","Fife","20/11/2023",5,5,5,5,0,20
"1132","Over 3s","Local Authority","St. Ninian's R C Primary School Nursery","Fife","11/10/2023",5,4,5,5,0,19
"1133","Under 3s","Local Authority","Dunmore Nursery School","Fife","09/02/2024",5,5,5,4,0,19
"1134","Over 3s","Local Authority","St. Kenneth's R C Primary School Nursery","Fife","28/09/2023",5,5,5,5,0,20
"1135","Over 3s","Local Authority","Lochgelly South Primary School Nursery","Fife","13/11/2018",5,5,5,5,0,20
"1136","Over 3s","Local Authority","Lochgelly West Primary School Nursery","Fife","16/04/2018",4,5,5,4,0,18
"1137","Under 3s","Local Authority","South Parks Primary School Nursery","Fife","16/01/2024",5,5,5,5,0,20
"1138","Under 3s","Local Authority","Southwood Primary School Nursery","Fife","18/10/2022",4,4,4,4,0,16
"1139","Under 3s","Local Authority","Rimbleton Primary School Nursery","Fife","25/05/2021",4,4,4,4,0,16
"1140","Over 3s","Local Authority","Caskieberran Primary School Nursery","Fife","07/10/2022",5,5,5,5,0,20
"1141","Over 3s","Local Authority","Leslie Nursery","Fife","05/09/2022",4,4,4,4,0,16
"1142","Over 3s","Local Authority","John Fergus School Nursery","Fife","11/05/2017",5,5,5,5,0,20
"1143","Under 3s","Local Authority","Pitteuchar East Nursery Centre","Fife","16/02/2023",5,5,4,5,0,19
"1144","Under 3s","Local Authority","Carleton Nursery School","Fife","03/06/2024",4,4,3,4,1,15
"1145","Over 3s","Local Authority","Carleton Out of School Club","Fife","05/09/2023",4,4,4,5,0,17
"1146","Over 3s","Local Authority","Markinch Primary School Nursery","Fife","28/06/2019",4,6,4,6,0,20
"1147","Under 3s","Local Authority","Woodlands Family Nurture Centre","Fife","27/03/2024",5,6,5,5,0,21
"1148","Under 3s","Local Authority","Paxton Nursery","Fife","06/10/2023",5,5,6,6,0,22
"1149","Under 3s","Local Authority","Mountfleurie Primary School Nursery","Fife","06/12/2022",4,4,5,4,0,17
"1150","Under 3s","Local Authority","Viewforth Nursery","Fife","13/03/2023",5,5,5,5,0,20
"1151","Over 3s","Local Authority","St. Agatha's R C Primary Nursery","Fife","31/03/2020",4,5,4,5,0,18
"1152","Over 3s","Local Authority","Balcurvie Primary School Nursery","Fife","09/07/2019",4,5,5,5,0,19
"1153","Under 3s","Local Authority","Kennoway Primary & Community School Nursery","Fife","06/05/2019",5,5,5,5,0,20
"1154","Over 3s","Local Authority","Lundin Mill Primary School Nursery","Fife","06/02/2023",5,5,5,5,0,20
"1155","Over 3s","Private","Kelvinside Academy Nursery","Glasgow City","28/09/2018",5,5,6,6,0,22
"1156","Under 3s","Local Authority","LANGA Street Nursery School","Glasgow City","06/06/2024",5,5,4,5,0,19
"1157","Over 3s","Local Authority","Strathdearn Primary Nursery Class","Highland","13/03/2023",4,5,5,4,0,18
"1158","Over 3s","Local Authority","Deshar Primary Nursery Class","Highland","02/06/2022",5,4,5,5,0,19
"1159","Under 3s","Local Authority","Strontian Primary Nursery Class","Highland","01/11/2022",5,5,5,5,0,20
"1160","Over 3s","Local Authority","Rum Primary School Nursery","Highland","08/11/2019",5,5,5,5,0,20
"1161","Under 3s","Local Authority","Glenpark Children's Centre","Inverclyde","22/11/2019",6,5,5,6,0,22
"1162","Over 3s","Local Authority","Mount Esk Nursery School","Midlothian","28/12/2016",6,5,6,6,0,23
"1163","Over 3s","Local Authority","St. Mary's Primary School Nursery","Midlothian","09/03/2023",5,5,5,5,0,20
"1164","Over 3s","Local Authority","Bonnyrigg Primary School Nursery Class","Midlothian","05/02/2018",5,5,5,5,0,20
"1165","Over 3s","Local Authority","Woodburn Primary School Nursery Class","Midlothian","27/01/2020",5,5,5,5,0,20
"1166","Over 3s","Local Authority","St. Andrew's RC Primary Nursery","Midlothian","07/02/2020",4,4,4,4,0,16
"1167","Over 3s","Local Authority","Cuiken Primary School Nursery Class","Midlothian","20/12/2017",5,5,4,5,0,19
"1168","Over 3s","Local Authority","Mauricewood Primary School Nursery","Midlothian","26/09/2017",5,5,5,5,0,20
"1169","Over 3s","Local Authority","Rothes Primary School Nursery","Moray","19/01/2023",4,5,4,4,0,17
"1170","Over 3s","Local Authority","Aberlour Primary Nursery School","Moray","18/01/2024",4,4,3,4,0,15
"1171","Over 3s","Local Authority","Mortlach Primary School Nursery","Moray","26/09/2023",5,4,5,5,0,19
"1172","Over 3s","Local Authority","St. Thomas R.C.Primary School Nursery","Moray","14/09/2018",5,5,4,5,0,19
"1173","Over 3s","Local Authority","Keith Primary School Nursery","Moray","11/01/2019",5,5,5,5,0,20
"1174","Over 3s","Local Authority","St. Peter's RC Primary School Nursery","Moray","17/04/2018",5,5,4,5,0,19
"1175","Over 3s","Local Authority","Findochty Primary School Nursery","Moray","03/04/2024",4,4,3,3,0,14
"1176","Over 3s","Local Authority","Portgordon Primary School Nursery","Moray","13/01/2023",4,4,4,4,0,16
"1177","Over 3s","Local Authority","Seafield Primary School Nursery","Moray","28/03/2018",5,4,5,5,0,19
"1178","Over 3s","Local Authority","Hopeman Primary School Nursery","Moray","12/02/2020",5,5,5,5,0,20
"1179","Over 3s","Local Authority","Burghead Primary School Nursery","Moray","10/10/2019",5,5,5,5,0,20
"1180","Over 3s","Local Authority","St. Gerardine Primary School Nursery","Moray","24/04/2018",5,5,6,6,0,22
"1181","Over 3s","Local Authority","Hythehill Primary School Nursery","Moray","18/08/2020",4,4,4,4,0,16
"1182","Over 3s","Local Authority","Milne's Primary School Nursery","Moray","22/12/2017",4,4,4,4,0,16
"1183","Under 3s","Local Authority","Pilmuir Primary School Nursery","Moray","13/07/2022",5,5,5,5,0,20
"1184","Under 3s","Local Authority","Annick Primary School and Early Years Class","North Ayrshire","17/04/2024",5,4,4,5,0,18
"1185","Over 3s","Local Authority","Elderbank Early Years","North Ayrshire","21/01/2019",5,4,4,6,0,19
"1186","Over 3s","Local Authority","Springside Early Years Class","North Ayrshire","12/02/2020",4,5,5,5,0,19
"1187","Under 3s","Local Authority","Castlepark Early Years Centre","North Ayrshire","17/04/2018",4,4,5,5,0,18
"1188","Over 3s","Local Authority","Blacklands Early Years Class","North Ayrshire","22/03/2023",4,4,4,4,0,16
"1189","Over 3s","Local Authority","St. Luke's Primary School Nursery Class","North Ayrshire","24/01/2019",5,4,4,5,0,18
"1190","Under 3s","Local Authority","Pennyburn Primary School Early Years Class","North Ayrshire","28/03/2024",3,3,3,3,1,12
"1191","Under 3s","Local Authority","Corsehill Early Years Centre","North Ayrshire","06/09/2021",4,4,4,4,0,16
"1192","Over 3s","Local Authority","Abbey Primary School Nursery Class","North Ayrshire","04/02/2019",5,6,5,6,0,22
"1193","Over 3s","Local Authority","Ardeer Primary School Nursery Class","North Ayrshire","14/08/2019",5,5,5,5,0,20
"1194","Over 3s","Local Authority","Caledonia Primary Nursery Class","North Ayrshire","01/12/2022",5,5,4,4,0,18
"1195","Over 3s","Local Authority","Mayfield Primary School Nursery Class","North Ayrshire","13/10/2022",5,5,5,5,0,20
"1196","Under 3s","Local Authority","Stanley Primary School Nursery Class","North Ayrshire","14/12/2018",4,4,5,5,0,18
"1197","Under 3s","Local Authority","St. Peter's Primary School Nursery Class","North Ayrshire","10/07/2023",4,3,4,3,0,14
"1198","Under 3s","Local Authority","St. Bridget's Primary School Nursery Class","North Ayrshire","27/06/2023",5,4,4,4,0,17
"1199","Over 3s","Local Authority","Shiskine Primary School Nursery Class","North Ayrshire","20/12/2018",5,4,4,5,0,18
"1200","Over 3s","Local Authority","Kilmory Primary School Nursery Class","North Ayrshire","17/12/2018",4,4,4,5,0,17
"1201","Over 3s","Local Authority","Fairlie Primary School Nursery Class","North Ayrshire","18/12/2023",4,5,4,5,0,18
"1202","Over 3s","Local Authority","Papdale Primary School Nursery","Orkney Islands","12/08/2022",5,5,6,5,0,21
"1203","Under 3s","Local Authority","Glaitness School Nursery","Orkney Islands","19/09/2023",4,5,4,4,0,17
"1204","Under 3s","Local Authority","Stromness Primary School Nursery","Orkney Islands","21/10/2019",4,5,5,5,0,19
"1205","Over 3s","Local Authority","Stenness Community School Nursery","Orkney Islands","15/10/2018",5,5,5,5,0,20
"1206","Under 3s","Local Authority","Eday Primary School Nursery","Orkney Islands","14/03/2023",5,4,4,5,0,18
"1207","Under 3s","Local Authority","Stronsay Junior High Nursery","Orkney Islands","09/10/2018",5,5,5,5,0,20
"1208","Under 3s","Local Authority","Sanday Community School","Orkney Islands","22/11/2017",5,5,5,5,0,20
"1209","Under 3s","Local Authority","Westray Junior High School Nursery","Orkney Islands","10/10/2019",5,5,4,5,0,19
"1210","Under 3s","Local Authority","Shapinsay Primary School Nursery","Orkney Islands","08/01/2020",4,4,5,5,0,18
"1211","Under 3s","Local Authority","Firth Primary School Nursery","Orkney Islands","28/05/2024",4,4,4,4,0,16
"1212","Under 3s","Local Authority","Dounby Community School Nursery","Orkney Islands","23/10/2019",4,5,4,5,0,18
"1213","Under 3s","Local Authority","Evie Primary School Nursery","Orkney Islands","30/03/2020",5,5,4,5,0,19
"1214","Under 3s","Local Authority","Rousay Primary School Nursery","Orkney Islands","14/11/2019",5,5,4,5,0,19
"1215","Over 3s","Local Authority","St. Andrews Primary School Nursery","Orkney Islands","15/05/2023",5,5,5,5,0,20
"1216","Over 3s","Local Authority","Orphir Community School","Orkney Islands","15/10/2018",4,5,4,4,0,17
"1217","Over 3s","Local Authority","Invergowrie Primary School Nursery","Perth & Kinross","15/03/2019",5,5,5,5,0,20
"1218","Over 3s","Local Authority","Braco Primary School Nursery","Perth & Kinross","18/12/2019",5,5,4,5,0,19
"1219","Over 3s","Local Authority","Fossoway Primary School Nursery","Perth & Kinross","25/04/2023",4,5,5,4,0,18
"1220","Under 3s","Local Authority","Fairview School Nursery","Perth & Kinross","26/04/2019",6,6,6,6,0,24
"1221","Over 3s","Local Authority","Tulloch Primary School Nursery","Perth & Kinross","07/12/2023",4,4,4,4,0,16
"1222","Over 3s","Local Authority","Auchtergaven Primary School Nursery","Perth & Kinross","03/09/2018",4,5,5,4,0,18
"1223","Under 3s","Local Authority","Riverside Primary School","Perth & Kinross","22/04/2022",5,5,5,6,0,21
"1224","Under 3s","Local Authority","St. John's Academy Nursery Class","Perth & Kinross","04/04/2024",5,4,4,5,0,18
"1225","Under 3s","Local Authority","Newhill Primary School Nursery","Perth & Kinross","21/07/2022",5,5,4,5,0,19
"1226","Over 3s","Local Authority","Kirkmichael Primary School Nursery","Perth & Kinross","31/10/2023",4,5,5,4,0,18
"1227","Under 3s","Local Authority","Coupar Angus Primary School Nursery","Perth & Kinross","08/11/2022",5,5,4,4,0,18
"1228","Under 3s","Local Authority","Inchture Primary School Nursery","Perth & Kinross","02/05/2023",5,5,6,5,0,21
"1229","Over 3s","Local Authority","Breadalbane Academy","Perth & Kinross","28/03/2024",4,5,5,4,0,18
"1230","Over 3s","Local Authority","Glenlyon Primary School Nursery","Perth & Kinross","24/10/2023",5,5,5,5,0,20
"1231","Under 3s","Local Authority","Pitlochry High","Perth & Kinross","19/01/2023",5,5,4,4,0,18
"1232","Under 3s","Local Authority","Kinloch Rannoch Primary Nursery - Perth","Perth & Kinross","30/05/2018",5,5,5,5,0,20
"1233","Under 3s","Local Authority","Blair Atholl Primary School Nursery","Perth & Kinross","08/11/2023",4,5,5,5,0,19
"1234","Over 3s","Local Authority","Moncreiffe Primary School Nursery","Perth & Kinross","24/02/2020",4,5,5,4,0,18
"1235","Over 3s","Local Authority","Craigie Primary School Nursery","Perth & Kinross","06/12/2017",4,4,4,5,0,17
"1236","Over 3s","Local Authority","Balbeggie Primary School Nursery","Perth & Kinross","20/03/2020",5,4,5,4,0,18
"1237","Over 3s","Local Authority","Robert Douglas Memorial Primary School Nursery","Perth & Kinross","12/01/2023",5,5,5,5,0,20
"1238","Under 3s","Local Authority","Inch View Primary School Nursery and Wrap Around Care Service","Perth & Kinross","10/05/2023",4,4,4,4,0,16
"1239","Over 3s","Local Authority","Dunbarney Primary School Nursery","Perth & Kinross","04/07/2022",4,4,5,4,0,17
"1240","Under 3s","Local Authority","The Community School of Auchterarder","Perth & Kinross","12/09/2023",4,4,5,4,0,17
"1241","Over 3s","Local Authority","Comrie Primary School Nursery","Perth & Kinross","21/06/2023",5,5,5,4,0,19
"1242","Under 3s","Local Authority","Crieff Primary School Nursery","Perth & Kinross","24/05/2018",5,5,5,4,0,19
"1243","Over 3s","Local Authority","Viewlands Primary Nursery School","Perth & Kinross","10/01/2019",4,5,5,4,0,18
"1244","Under 3s","Local Authority","Walkerburn Primary School Nursery","Scottish Borders","28/05/2019",4,4,4,4,0,16
"1245","Under 3s","Local Authority","St. Ronan's Primary School Nursery","Scottish Borders","01/02/2023",5,5,4,4,0,18
"1246","Over 3s","Local Authority","Kingsland Primary School Nursery","Scottish Borders","20/05/2024",5,4,4,4,0,17
"1247","Over 3s","Local Authority","Priorsford Primary School Nursery","Scottish Borders","01/05/2023",4,4,4,4,0,16
"1248","Under 3s","Local Authority","Langlee Primary School Nursery","Scottish Borders","19/06/2023",5,4,5,4,0,18
"1249","Over 3s","Local Authority","Glendinning Terrace Primary School Nursery","Scottish Borders","03/05/2018",5,5,5,5,0,20
"1250","Under 3s","Local Authority","Greenlaw Primary School Nursery","Scottish Borders","08/09/2016",5,5,4,5,0,19
"1251","Under 3s","Local Authority","Duns Primary School Nursery","Scottish Borders","27/08/2019",5,4,4,4,0,17
"1252","Over 3s","Local Authority","Coldingham Primary School Nursery","Scottish Borders","13/02/2019",4,4,4,4,0,16
"1253","Under 3s","Local Authority","Earlston Primary School Nursery","Scottish Borders","25/06/2018",4,5,4,5,0,18
"1254","Under 3s","Local Authority","Edenside Primary School Nursery","Scottish Borders","17/12/2019",5,5,4,5,0,19
"1255","Under 3s","Local Authority","Broomlands Primary School Nursery","Scottish Borders","18/07/2018",4,5,5,4,0,18
"1256","Over 3s","Local Authority","Stirches Primary School Nursery","Scottish Borders","12/11/2021",5,4,5,5,0,19
"1257","Under 3s","Local Authority","Burnfoot Community School","Scottish Borders","22/05/2024",5,5,5,5,0,20
"1258","Over 3s","Local Authority","Bell's Brae Primary School Nursery","Shetland Islands","13/02/2018",5,5,5,5,0,20
"1259","Under 3s","Local Authority","Mid Yell Junior High Nursery School","Shetland Islands","28/11/2017",5,5,5,5,0,20
"1260","Over 3s","Local Authority","Baltasound Junior High School Nursery","Shetland Islands","02/12/2019",4,5,4,5,0,18
"1261","Under 3s","Local Authority","Whiteness Early Years","Shetland Islands","21/12/2017",5,5,5,5,0,20
"1262","Over 3s","Local Authority","Sandwick Junior High School Nursery","Shetland Islands","11/03/2019",4,5,4,4,0,17
"1263","Over 3s","Local Authority","Dunrossness Nursery","Shetland Islands","11/02/2019",4,5,5,5,0,19
"1264","Over 3s","Local Authority","Aith Nursery","Shetland Islands","07/12/2023",5,4,4,5,0,18
"1265","Over 3s","Local Authority","Happyhansel Primary School Nursery","Shetland Islands","16/11/2018",5,5,4,4,0,18
"1266","Over 3s","Local Authority","Brae High School Nursery","Shetland Islands","04/04/2018",5,5,4,5,0,19
"1267","Over 3s","Local Authority","Urafirth Early Years","Shetland Islands","23/01/2019",4,5,5,5,0,19
"1268","Over 3s","Local Authority","Symington Early Years Centre","South Ayrshire","01/11/2017",4,5,4,5,0,18
"1269","Over 3s","Local Authority","Troon Early Years Centre","South Ayrshire","06/09/2017",5,5,5,5,0,20
"1270","Over 3s","Local Authority","Barassie Early Years Centre","South Ayrshire","27/02/2024",5,5,5,5,0,20
"1271","Over 3s","Local Authority","Straiton Early Years Centre","South Ayrshire","30/06/2020",4,4,4,4,0,16
"1272","Under 3s","Local Authority","Crosshill Early Years Centre","South Ayrshire","16/02/2023",5,5,5,5,0,20
"1273","Under 3s","Local Authority","Culzean Early Years Centre","South Ayrshire","16/05/2024",5,5,5,4,0,19
"1274","Under 3s","Local Authority","Ballantrae Early Years Centre","South Ayrshire","15/09/2020",5,6,5,6,0,22
"1275","Over 3s","Local Authority","Barrhill Early Years Centre","South Ayrshire","14/02/2018",4,4,5,5,0,18
"1276","Under 3s","Local Authority","Maidens Early Years Centre","South Ayrshire","05/01/2024",5,5,5,5,0,20
"1277","Under 3s","Local Authority","Tarbolton Early Years Centre","South Ayrshire","10/07/2024",5,4,4,4,0,17
"1278","Under 3s","Local Authority","Annbank Early Years Centre","South Ayrshire","28/03/2019",4,4,5,5,0,18
"1279","Under 3s","Local Authority","Kincaidston Early Years Centre","South Ayrshire","12/03/2024",5,5,5,5,0,20
"1280","Under 3s","Local Authority","Wallacetown Early Years Centre","South Ayrshire","28/03/2019",5,6,4,5,0,20
"1281","Over 3s","Local Authority","Bankton Primary School Nursery","West Lothian","24/07/2019",5,5,4,4,0,18
"1282","Over 3s","Local Authority","St. Joseph's Nursery Class","West Lothian","25/04/2024",5,5,5,5,0,20
"1283","Over 3s","Local Authority","Seafield Primary School Nursery (Bathgate)","West Lothian","28/10/2019",4,5,5,4,0,18
"1284","Over 3s","Local Authority","Murrayfield Primary School Nursery","West Lothian","10/03/2023",5,5,5,5,0,20
"1285","Over 3s","Local Authority","Longridge Primary School Nursery Class","West Lothian","12/12/2019",5,4,4,5,0,18
"1286","Over 3s","Local Authority","Croftmalloch Primary School Nursery","West Lothian","21/03/2024",5,5,5,5,0,20
"1287","Under 3s","Local Authority","Whitdale Early Years Centre (Nursery)","West Lothian","17/01/2024",3,4,3,3,1,13
"1288","Over 3s","Local Authority","Falla Hill Primary School Nursery","West Lothian","11/09/2020",4,4,4,4,0,16
"1289","Over 3s","Local Authority","St. Columba's Primary School Nursery Class","West Lothian","31/05/2017",5,5,5,6,0,21
"1290","Over 3s","Local Authority","Eastertoun Nursery School","West Lothian","27/04/2022",5,5,4,5,0,19
"1291","Under 3s","Local Authority","Bonnytoun Nursery School","West Lothian","24/06/2024",5,5,5,5,0,20
"1292","Over 3s","Local Authority","St. Nicholas Primary School Nursery","West Lothian","12/03/2019",5,5,5,6,0,21
"1293","Over 3s","Local Authority","Uphall Primary School Nursery","West Lothian","21/02/2024",5,5,5,5,0,20
"1294","Over 3s","Local Authority","St. Paul's Primary School Nursery","West Lothian","13/12/2019",5,5,5,5,0,20
"1295","Over 3s","Local Authority","Pumpherston and Uphall Station Community Primary School","West Lothian","01/06/2023",4,4,4,4,0,16
"1296","Under 3s","Local Authority","Mid Calder Primary School Nursery","West Lothian","06/02/2018",5,5,5,5,0,20
"1297","Over 3s","Local Authority","Inveralmond Early Years Centre","West Lothian","28/04/2023",4,4,4,4,2,16
"1298","Over 3s","Local Authority","St. Ninian's Primary School Nursery - Livingston","West Lothian","02/09/2021",5,5,5,5,0,20
"1299","Under 3s","Local Authority","Glenvue Nursery School","West Lothian","27/06/2024",5,5,5,5,0,20
"1300","Over 3s","Local Authority","Deans Primary School Nursery Class","West Lothian","20/07/2017",4,4,4,5,0,17
"1301","Under 3s","Local Authority","Knightsridge Early Years Centre","West Lothian","16/11/2022",5,5,4,4,0,18
"1302","Over 3s","Local Authority","Williamston Primary School Nursery","West Lothian","05/12/2023",5,5,4,4,0,18
"1303","Over 3s","Local Authority","Parkhead Primary School Nursery","West Lothian","05/10/2022",4,4,5,5,0,18
"1304","Over 3s","Local Authority","Greenrigg Primary School Nursery","West Lothian","03/11/2023",4,5,5,4,0,18
"1305","Over 3s","Private","Robert Gordon's College Nursery","Aberdeen City","14/08/2019",5,5,5,4,0,19
"1306","Over 3s","Private","The Nursery at St Margaret's","Aberdeen City","26/07/2017",4,5,5,5,0,19
"1307","Over 3s","Private","International School of Aberdeen Nursery","Aberdeen City","29/09/2020",6,4,4,5,0,19
"1308","Under 3s","Voluntary or Not for Profit","Albyn School Nurseries","Aberdeen City","10/07/2018",5,4,5,4,0,18
"1309","Under 3s","Voluntary or Not for Profit","Lathallan Nursery","Aberdeenshire","03/11/2023",4,4,4,3,0,15
"1310","Under 3s","Private","Edinburgh Steiner School","City of Edinburgh","21/10/2022",5,5,4,5,0,19
"1311","Over 3s","Voluntary or Not for Profit","George Watson's College","City of Edinburgh","21/02/2019",6,6,6,6,0,24
"1312","Under 3s","Voluntary or Not for Profit","St. George's School for Girls","City of Edinburgh","03/11/2022",5,5,5,4,0,19
"1313","Over 3s","Private","Clifton Hall Nursery School","City of Edinburgh","24/07/2018",5,5,5,5,0,20
"1314","Over 3s","Voluntary or Not for Profit","Cargilfield Nursery School","City of Edinburgh","02/05/2017",5,5,5,5,0,20
"1315","Over 3s","Private","St. Aloysius College (RC)","Glasgow City","14/06/2019",6,5,5,5,0,21
"1316","Over 3s","Private","Drumduan School","Moray","17/10/2023",4,4,4,4,0,16
"1317","Under 3s","Private","Hamilton College Nursery Class","South Lanarkshire","08/03/2019",4,4,4,4,1,16
"1318","Over 3s","Private","St. Columba's School","Inverclyde","20/09/2022",4,5,5,5,0,19
"1319","Over 3s","Private","Craigclowan Preparatory School Pre School","Perth & Kinross","18/02/2019",4,5,5,4,0,18
"1320","Under 3s","Voluntary or Not for Profit","Morrison's Academy Nursery","Perth & Kinross","01/08/2022",4,4,4,4,0,16
"1321","Under 3s","Voluntary or Not for Profit","St. Mary's School","Scottish Borders","02/04/2019",5,5,5,5,0,20
"1322","Under 3s","Local Authority","Shaw Mhor","Glasgow City","10/12/2018",5,5,6,5,0,21
"1323","Over 3s","Local Authority","Thornliebank Nursery Class","East Renfrewshire","09/03/2018",5,5,5,5,0,20
"1324","Over 3s","Voluntary or Not for Profit","The Glasgow Academy - Milngavie Nursery and Kindergarten","East Dunbartonshire","14/05/2019",5,5,5,5,0,20
"1325","Under 3s","Local Authority","Kelbourne Park School (Nursery)","Glasgow City","18/01/2019",5,6,5,5,0,21
"1326","Under 3s","Local Authority","Rainbow Family Centre","Inverclyde","06/12/2022",5,5,5,5,0,20
"1327","Over 3s","Local Authority","Lady Alice Nursery Class","Inverclyde","26/04/2024",4,4,4,5,0,17
"1328","Under 3s","Private","Abacus Pre-school Nursery - Rosemount","Aberdeen City","18/10/2021",4,4,4,4,0,16
"1329","Under 3s","Private","Kirktonholme @ Wishaw","North Lanarkshire","07/08/2019",5,4,4,4,0,17
"1330","Over 3s","Local Authority","Aberchirder School Nursery","Aberdeenshire","24/01/2024",5,4,4,4,0,17
"1331","Under 3s","Local Authority","Aboyne Primary School Nursery","Aberdeenshire","15/03/2018",5,4,4,4,0,17
"1332","Under 3s","Local Authority","Anna Ritchie School Nursery","Aberdeenshire","04/05/2018",5,6,5,6,0,22
"1333","Over 3s","Local Authority","Auchterellon School Nursery","Aberdeenshire","18/04/2018",5,4,4,5,0,18
"1334","Under 3s","Local Authority","Ballater School Nursery","Aberdeenshire","28/06/2024",5,5,5,5,0,20
"1335","Under 3s","Local Authority","Banchory Primary School Nursery","Aberdeenshire","12/06/2018",5,5,5,5,0,20
"1336","Over 3s","Local Authority","Banff Primary School Nursery","Aberdeenshire","18/01/2019",5,4,4,5,0,18
"1337","Over 3s","Local Authority","Bervie School Nursery","Aberdeenshire","20/04/2022",5,4,4,4,0,17
"1338","Over 3s","Local Authority","Glass School Nursery","Aberdeenshire","21/03/2023",5,5,4,5,0,19
"1339","Under 3s","Local Authority","Kemnay Primary School Nursery","Aberdeenshire","14/04/2023",4,4,4,4,0,16
"1340","Under 3s","Local Authority","Kinellar Primary School Nursery","Aberdeenshire","09/05/2018",4,5,5,5,0,19
"1341","Under 3s","Local Authority","Kintore School Nursery","Aberdeenshire","19/03/2024",5,5,5,5,0,20
"1342","Under 3s","Local Authority","Laurencekirk Nursery","Aberdeenshire","30/03/2023",6,5,5,5,0,21
"1343","Under 3s","Local Authority","Macduff School Nursery","Aberdeenshire","09/10/2023",4,4,4,4,0,16
"1344","Under 3s","Local Authority","Turriff Primary School Nursery","Aberdeenshire","29/07/2024",4,4,3,4,0,15
"1345","Under 3s","Local Authority","Glenbrae Children's Centre","Inverclyde","14/05/2019",5,5,5,5,0,20
"1346","Over 3s","Local Authority","Meldrum School Nursery","Aberdeenshire","29/04/2022",4,4,4,4,0,16
"1347","Under 3s","Local Authority","Bluebird Family Centre","Inverclyde","27/01/2023",5,4,4,4,0,17
"1348","Under 3s","Local Authority","Hillend Children's Centre","Inverclyde","04/10/2019",5,6,6,5,0,22
"1349","Over 3s","Local Authority","Mintlaw Primary School Nursery","Aberdeenshire","03/04/2017",4,4,4,5,0,17
"1350","Over 3s","Local Authority","Monquhitter School Nursery","Aberdeenshire","08/02/2019",5,5,5,5,0,20
"1351","Over 3s","Local Authority","New Machar School Nursery","Aberdeenshire","05/10/2023",3,3,3,3,0,12
"1352","Over 3s","Local Authority","Newtonhill School Nursery","Aberdeenshire","07/02/2024",5,5,3,4,0,17
"1353","Under 3s","Local Authority","Portlethen Primary School Nursery","Aberdeenshire","29/03/2023",5,5,5,4,0,19
"1354","Over 3s","Local Authority","Portsoy School Nursery","Aberdeenshire","08/11/2019",4,4,4,4,0,16
"1355","Over 3s","Local Authority","St. Andrew's School Nursery Inverurie","Aberdeenshire","23/01/2019",5,5,5,4,0,19
"1356","Over 3s","Local Authority","Tarland School Nursery","Aberdeenshire","21/12/2023",5,5,5,5,0,20
"1357","Over 3s","Local Authority","Towie School Nursery","Aberdeenshire","21/02/2023",5,5,4,5,0,19
"1358","Over 3s","Local Authority","Blairmore Early Learning Centre","Inverclyde","17/07/2023",4,4,4,4,1,16
"1359","Under 3s","Local Authority","Westhill Primary School Nursery","Aberdeenshire","13/01/2022",5,4,4,5,0,18
"1360","Over 3s","Local Authority","Whinhill Nursery Class","Inverclyde","27/02/2017",5,5,5,5,0,20
"1361","Over 3s","Local Authority","Wemyss Bay Nursery Class","Inverclyde","13/11/2017",4,4,5,5,0,18
"1362","Over 3s","Local Authority","Aileymill Nursery Class","Inverclyde","03/04/2018",5,5,5,5,0,20
"1363","Over 3s","Local Authority","King's Oak Nursery Class","Inverclyde","14/11/2018",5,4,4,4,0,17
"1364","Over 3s","Voluntary or Not for Profit","Amber Kindergarten","Aberdeen City","17/02/2023",6,6,5,6,0,23
"1365","Under 3s","Private","Kirktonholme @ Tollcross","Glasgow City","21/10/2022",5,4,5,4,1,18
"1366","Under 3s","Local Authority","Lhanbryde Primary School Nursery","Moray","14/10/2022",4,4,4,4,0,16
"1367","Under 3s","Local Authority","Kilpatrick Early Years Service","West Dunbartonshire","24/07/2023",5,5,5,5,0,20
"1368","Under 3s","Local Authority","Cullen Primary School Nursery","Moray","18/08/2022",5,4,4,5,0,18
"1369","Over 3s","Local Authority","Kinloss Primary School Nursery","Moray","26/08/2021",4,4,4,4,0,16
"1370","Over 3s","Local Authority","Millbank Nursery","Moray","18/03/2020",4,5,4,4,0,17
"1371","Over 3s","Local Authority","New Elgin Primary School Nursery","Moray","01/09/2020",4,5,4,5,0,18
"1372","Over 3s","Local Authority","Tomintoul Primary School Nursery","Moray","10/06/2024",5,5,5,5,0,20
"1373","Over 3s","Local Authority","St. Fergus School Nursery","Aberdeenshire","31/10/2023",3,3,3,3,0,12
"1374","Under 3s","Private","Doonvale Private Nursery School","South Ayrshire","14/06/2024",5,5,5,5,0,20
"1375","Under 3s","Local Authority","North Walls Community School Nursery","Orkney Islands","01/09/2020",4,4,4,5,0,17
"1376","Over 3s","Local Authority","Danderhall Primary School Early Learning and Childcare Centre","Midlothian","13/12/2022",4,4,4,4,0,16
"1377","Over 3s","Local Authority","Burnbrae Primary School Nursery","Midlothian","09/04/2020",5,4,3,3,0,15
"1378","Over 3s","Local Authority","King's Park Primary School Nursery","Midlothian","09/01/2024",5,5,5,5,0,20
"1379","Over 3s","Local Authority","Lasswade School","Midlothian","12/12/2018",5,5,5,5,0,20
"1380","Over 3s","Local Authority","Newtongrange Primary School Nursery","Midlothian","21/12/2018",6,6,4,4,0,20
"1381","Over 3s","Local Authority","Paradykes Primary School Nursery","Midlothian","03/04/2024",5,5,5,5,0,20
"1382","Over 3s","Local Authority","Roslin Primary School Nursery","Midlothian","16/03/2023",5,4,4,4,0,17
"1383","Over 3s","Local Authority","Sacred Heart Primary School Nursery","Midlothian","11/02/2019",5,5,5,5,0,20
"1384","Over 3s","Local Authority","Spean Bridge Primary Nursery","Highland","05/06/2018",4,5,5,5,0,19
"1385","Over 3s","Local Authority","Banavie Primary Nursery","Highland","08/01/2018",5,5,5,5,0,20
"1386","Over 3s","Local Authority","Bellyeoman Out of School Club","Fife","06/10/2023",3,3,3,3,0,12
"1387","Over 3s","Local Authority","Donibristle Out of School Club","Fife","21/09/2021",5,4,5,4,0,18
"1388","Over 3s","Local Authority","Camdean Out of School Club","Fife","15/05/2024",3,4,4,4,0,15
"1389","Over 3s","Local Authority","Fettercairn Nursery","Aberdeenshire","08/01/2019",4,5,4,5,0,18
"1390","Under 3s","Local Authority","Rogart Primary Nursery","Highland","31/08/2023",3,4,4,4,0,15
"1391","Over 3s","Local Authority","Kennoway Out of School Club","Fife","05/07/2023",3,4,4,4,0,15
"1392","Over 3s","Local Authority","Falkland Out of School Club","Fife","30/11/2022",4,4,4,4,0,16
"1393","Over 3s","Local Authority","St. Michael's Nursery Class","North Lanarkshire","18/12/2019",6,5,5,5,0,21
"1394","Under 3s","Voluntary or Not for Profit","The Scottish Centre for Children with Motor Impairments","North Lanarkshire","10/05/2019",6,6,5,6,0,23
"1395","Over 3s","Local Authority","Ladybank Out of School Club","Fife","27/09/2022",5,4,4,5,0,18
"1396","Under 3s","Local Authority","St. Mary's Primary School Nursery Class","North Lanarkshire","11/10/2019",5,5,5,5,0,20
"1397","Over 3s","Local Authority","Baird Memorial Primary School Early Years Support Unit","North Lanarkshire","29/06/2023",4,3,3,4,0,14
"1398","Over 3s","Local Authority","Glenmanor Nursery Class","North Lanarkshire","18/12/2017",5,4,5,5,0,19
"1399","Over 3s","Local Authority","Kirkshaws Nursery Class","North Lanarkshire","18/08/2020",4,5,5,5,0,19
"1400","Over 3s","Local Authority","Calderbridge Primary School and Nursery Class","North Lanarkshire","27/10/2021",5,4,4,4,0,17
"1401","Over 3s","Local Authority","Langloan Nursery Class","North Lanarkshire","27/08/2019",5,5,5,5,0,20
"1402","Over 3s","Local Authority","Sacred Heart and Orbiston Nursery Class","North Lanarkshire","28/04/2023",4,4,4,4,0,16
"1403","Over 3s","Local Authority","Coalburn Primary School Nursery Class","South Lanarkshire","18/06/2018",5,5,5,5,0,20
"1404","Over 3s","Local Authority","High Blantyre Primary School Nursery Class","South Lanarkshire","02/03/2023",4,4,4,4,0,16
"1405","Over 3s","Local Authority","Quarter Nursery Class","South Lanarkshire","12/08/2019",4,5,5,5,0,19
"1406","Over 3s","Local Authority","Spittal Nursery Class","South Lanarkshire","07/11/2019",5,5,4,5,0,19
"1407","Over 3s","Local Authority","Stonehouse Nursery Class","South Lanarkshire","27/06/2022",5,4,4,4,0,17
"1408","Over 3s","Local Authority","Robert Owen Memorial Nursery Class","South Lanarkshire","30/10/2017",5,5,5,5,0,20
"1409","Under 3s","Local Authority","New Pitsligo & St. John's School Nursery","Aberdeenshire","19/06/2023",4,5,4,5,0,18
"1410","Over 3s","Local Authority","Arbirlot Pre School Class","Angus","21/03/2024",5,5,5,5,0,20
"1411","Over 3s","Local Authority","Birkhill Pre School Class","Angus","14/09/2023",4,5,5,5,0,19
"1412","Over 3s","Local Authority","Borrowfield Pre School Class","Angus","16/07/2019",4,5,5,4,0,18
"1413","Over 3s","Local Authority","Carlogie Early Learning and Child Care","Angus","22/12/2023",4,4,3,4,0,15
"1414","Over 3s","Local Authority","Colliston Pre School Class","Angus","22/06/2023",5,5,4,5,0,19
"1415","Over 3s","Local Authority","Edzell Pre School Class","Angus","11/01/2023",5,5,5,5,0,20
"1416","Over 3s","Local Authority","Ferryden Pre School Class","Angus","21/02/2019",5,5,4,5,0,19
"1417","Under 3s","Local Authority","Friockheim Pre School Class","Angus","09/07/2019",5,5,4,5,0,19
"1418","Over 3s","Local Authority","Grange Pre School Class","Angus","28/06/2022",5,4,4,4,0,17
"1419","Over 3s","Local Authority","Hayshead Pre School Class","Angus","14/05/2019",5,5,5,5,0,20
"1420","Over 3s","Local Authority","Inverbrothock Pre School Class","Angus","20/04/2023",4,5,5,5,0,19
"1421","Over 3s","Local Authority","Inverkeilor Pre School Class","Angus","06/11/2019",5,5,5,5,0,20
"1422","Under 3s","Local Authority","Ladyloan Pre School Class","Angus","07/02/2020",4,4,4,5,0,17
"1423","Over 3s","Local Authority","Liff Pre School Class","Angus","15/01/2019",5,5,5,6,0,21
"1424","Over 3s","Local Authority","Lochside Pre School Class","Angus","16/10/2023",4,4,4,4,0,16
"1425","Over 3s","Local Authority","Monikie Pre School Class","Angus","14/11/2023",5,5,5,5,0,20
"1426","Over 3s","Local Authority","Muirfield Pre School Class","Angus","01/03/2024",5,5,5,5,0,20
"1427","Over 3s","Local Authority","Newtyle Pre School Class","Angus","28/02/2020",4,5,5,5,0,19
"1428","Over 3s","Local Authority","Seaview Pre School Class","Angus","29/11/2023",5,5,5,4,1,19
"1429","Over 3s","Local Authority","Tannadice Pre School Class","Angus","15/11/2018",6,4,4,6,0,20
"1430","Over 3s","Voluntary or Not for Profit","Lomond School Nursery","Argyll & Bute","03/03/2023",6,6,6,6,0,24
"1431","Over 3s","Local Authority","Tarbert Pre Five Unit","Argyll & Bute","22/03/2019",4,5,5,4,0,18
"1432","Over 3s","Local Authority","Barnhill Primary School Nursery","Dundee City","14/12/2023",5,5,5,5,0,20
"1433","Over 3s","Local Authority","Camperdown Primary School Nursery Class","Dundee City","29/11/2023",5,5,5,5,0,20
"1434","Over 3s","Local Authority","Craigiebarns Primary School Nursery","Dundee City","21/08/2019",5,5,5,5,0,20
"1435","Under 3s","Local Authority","Fintry Primary School Early Years Centre","Dundee City","24/08/2021",5,5,5,5,0,20
"1436","Over 3s","Local Authority","Forthill Primary School Nursery","Dundee City","22/03/2024",5,5,5,5,0,20
"1437","Under 3s","Local Authority","Glebelands Primary School Nursery","Dundee City","21/02/2023",5,5,5,5,0,20
"1438","Under 3s","Local Authority","Menzieshill Nursery School","Dundee City","10/06/2024",5,5,5,5,0,20
"1439","Over 3s","Local Authority","Crosshouse Early Childhood Centre","East Ayrshire","08/03/2023",5,5,5,5,0,20
"1440","Under 3s","Local Authority","Drongan Early Childhood Centre","East Ayrshire","20/09/2023",4,4,4,4,0,16
"1441","Over 3s","Local Authority","Dunlop Early Childhood Centre","East Ayrshire","29/08/2023",4,5,5,4,0,18
"1442","Under 3s","Local Authority","Galston Early Childhood Centre","East Ayrshire","26/01/2023",5,5,5,5,0,20
"1443","Over 3s","Local Authority","Gargieston Early Childhood Centre","East Ayrshire","20/02/2020",4,4,5,4,0,17
"1444","Under 3s","Local Authority","Cherry Trees Early Childhood Centre","East Ayrshire","05/03/2024",4,4,4,4,0,16
"1445","Over 3s","Local Authority","Hurlford Early Childhood Centre","East Ayrshire","16/09/2020",5,5,5,5,0,20
"1446","Under 3s","Local Authority","Lainshaw Early Childhood Centre","East Ayrshire","30/08/2024",4,4,4,4,0,16
"1447","Over 3s","Local Authority","Logan Early Childhood Centre","East Ayrshire","23/01/2024",4,4,4,4,0,16
"1448","Over 3s","Local Authority","Mauchline Primary School Early Childhood Centre","East Ayrshire","05/12/2018",5,5,4,4,0,18
"1449","Under 3s","Local Authority","Muirkirk Early Childhood Centre","East Ayrshire","05/10/2018",5,5,5,5,0,20
"1450","Over 3s","Local Authority","Nether Robertland Early Childhood Centre","East Ayrshire","31/05/2023",4,4,4,4,0,16
"1451","Under 3s","Local Authority","New Cumnock Early Childhood Centre","East Ayrshire","25/10/2023",5,5,5,5,0,20
"1452","Under 3s","Local Authority","James Hamilton Early Childhood Centre","East Ayrshire","08/01/2020",4,4,4,4,0,16
"1453","Under 3s","Local Authority","Clober Early Years Centre","East Dunbartonshire","08/05/2019",5,5,5,5,0,20
"1454","Under 3s","Local Authority","Cleddens Early Years Centre","East Dunbartonshire","08/02/2024",3,3,3,3,0,12
"1455","Over 3s","Local Authority","Campie Primary School Nursery","East Lothian","30/11/2022",4,4,4,4,0,16
"1456","Over 3s","Local Authority","East Linton Primary School Nursery","East Lothian","26/03/2018",4,4,4,4,0,16
"1457","Over 3s","Local Authority","Elphinstone Primary School Nursery","East Lothian","13/02/2019",4,4,4,4,0,16
"1458","Over 3s","Local Authority","Gullane Primary School Nursery","East Lothian","23/08/2024",5,4,5,4,0,18
"1459","Over 3s","Local Authority","Longniddry Primary School Nursery","East Lothian","11/10/2019",5,5,6,5,0,21
"1460","Over 3s","Local Authority","Burgh Primary School Nursery - Musselburgh","East Lothian","03/01/2024",4,4,4,4,0,16
"1461","Over 3s","Local Authority","Law Primary School Nursery","East Lothian","01/02/2017",5,5,4,4,0,18
"1462","Over 3s","Local Authority","Pencaitland Primary School Nursery","East Lothian","06/06/2023",4,5,5,5,0,19
"1463","Under 3s","Local Authority","Preston Tower Primary School Nursery","East Lothian","11/05/2022",4,4,4,4,0,16
"1464","Over 3s","Local Authority","Saltoun Primary School Nursery","East Lothian","05/02/2020",4,4,4,5,0,17
"1465","Over 3s","Local Authority","St. Martin's Primary School Nursery","East Lothian","28/03/2019",4,4,5,4,0,17
"1466","Over 3s","Local Authority","Stoneyhill Primary School Nursery","East Lothian","14/11/2023",4,3,3,3,0,13
"1467","Over 3s","Voluntary or Not for Profit","The Compass School","East Lothian","08/01/2019",6,6,6,6,0,24
"1468","Over 3s","Local Authority","Wallyford Primary School Nursery","East Lothian","15/05/2019",4,5,5,4,0,18
"1469","Over 3s","Local Authority","West Barns Primary School Nursery","East Lothian","23/08/2022",5,5,5,5,0,20
"1470","Over 3s","Local Authority","Yester Primary School Nursery","East Lothian","01/09/2022",5,5,5,5,0,20
"1471","Over 3s","Voluntary or Not for Profit","Belmont House School Nursery","East Renfrewshire","12/02/2018",5,5,5,5,0,20
"1472","Over 3s","Local Authority","Carolside Primary Nursery Class","East Renfrewshire","23/08/2023",5,5,5,5,0,20
"1473","Under 3s","Local Authority","Glen Family Centre","East Renfrewshire","11/10/2018",5,5,5,5,0,20
"1474","Over 3s","Local Authority","Mearns Primary School Nursery","East Renfrewshire","11/09/2019",5,6,6,5,0,22
"1475","Over 3s","Local Authority","Abbeyhill Primary School Nursery","City of Edinburgh","07/03/2019",4,5,5,5,0,19
"1476","Over 3s","Local Authority","Balgreen Nursery School","City of Edinburgh","26/10/2017",6,6,6,6,0,24
"1477","Over 3s","Local Authority","Bonaly Primary School Nursery","City of Edinburgh","22/10/2019",5,4,4,4,0,17
"1478","Over 3s","Local Authority","Broughton Primary School Nursery","City of Edinburgh","07/03/2019",4,5,5,4,0,18
"1479","Over 3s","Local Authority","Brunstane Primary School Nursery","City of Edinburgh","15/05/2024",4,4,4,4,0,16
"1480","Over 3s","Local Authority","Clermiston Primary School Nursery","City of Edinburgh","11/06/2024",5,5,5,5,0,20
"1481","Over 3s","Local Authority","Clovenstone Primary School Nursery","City of Edinburgh","16/01/2020",5,5,5,5,0,20
"1482","Over 3s","Local Authority","Dalry Primary School Nursery","City of Edinburgh","22/08/2018",5,4,4,5,0,18
"1483","Under 3s","Local Authority","Davidson's Mains Primary School Nursery","City of Edinburgh","21/05/2018",5,4,4,5,0,18
"1484","Over 3s","Local Authority","Dean Park Primary School Nursery","City of Edinburgh","05/10/2020",5,5,5,5,0,20
"1485","Over 3s","Local Authority","Duddingston Primary School Nursery","City of Edinburgh","05/04/2018",6,5,4,5,0,20
"1486","Under 3s","Local Authority","Ferryhill Primary School Nursery","City of Edinburgh","20/12/2023",4,4,4,4,0,16
"1487","Over 3s","Local Authority","Flora Stevenson Primary","City of Edinburgh","19/03/2020",5,5,4,4,0,18
"1488","Over 3s","Voluntary or Not for Profit","George Heriot's School","City of Edinburgh","25/04/2019",6,6,6,6,0,24
"1489","Over 3s","Local Authority","Granton Primary School Nursery","City of Edinburgh","24/01/2018",4,4,4,5,0,17
"1490","Under 3s","Local Authority","Gylemuir Primary School Nursery","City of Edinburgh","26/11/2019",6,5,5,5,0,21
"1491","Over 3s","Local Authority","Hermitage Park Primary School","City of Edinburgh","13/11/2023",3,5,4,5,0,17
"1492","Under 3s","Local Authority","Hillwood Primary School Nursery","City of Edinburgh","12/12/2018",5,5,5,5,0,20
"1493","Over 3s","Local Authority","Holy Cross Primary School Nursery","City of Edinburgh","20/01/2021",5,4,4,4,0,17
"1494","Over 3s","Local Authority","James Gillespie's Primary School Nursery","City of Edinburgh","20/05/2019",5,5,6,5,0,21
"1495","Over 3s","Local Authority","Kirkliston Primary Early Learning and Childcare","City of Edinburgh","27/02/2020",5,5,5,5,0,20
"1496","Over 3s","Local Authority","Liberton Nursery School","City of Edinburgh","23/05/2017",5,5,5,5,0,20
"1497","Under 3s","Local Authority","Tollcross Early Years Campus","City of Edinburgh","03/05/2018",6,6,6,5,0,23
"1498","Under 3s","Local Authority","Longstone Primary School Nursery","City of Edinburgh","26/03/2019",5,5,5,5,0,20
"1499","Over 3s","Local Authority","Lorne Primary School Nursery","City of Edinburgh","20/06/2019",5,4,4,5,0,18
"1500","Over 3s","Voluntary or Not for Profit","ESMS Junior School Nursery","City of Edinburgh","24/09/2020",5,6,6,5,0,22
"1501","Over 3s","Local Authority","Craigroyston Primary School Nursery","City of Edinburgh","10/05/2018",5,4,4,4,0,17
"1502","Under 3s","Local Authority","Oxgangs Primary School Nursery","City of Edinburgh","06/03/2018",5,6,6,6,0,23
"1503","Over 3s","Local Authority","Parsons Green","City of Edinburgh","08/04/2024",4,4,3,4,0,15
"1504","Over 3s","Local Authority","Prestonfield Primary School Nursery","City of Edinburgh","28/06/2023",5,4,5,4,0,18
"1505","Over 3s","Local Authority","Ratho Primary School Nursery","City of Edinburgh","26/03/2024",3,3,3,3,0,12
"1506","Over 3s","Local Authority","Roseburn Primary School Nursery","City of Edinburgh","25/03/2019",5,5,4,4,0,18
"1507","Under 3s","Local Authority","Royal Mile Primary School Nursery","City of Edinburgh","28/03/2019",4,4,4,4,0,16
"1508","Over 3s","Local Authority","St. John Vianney Primary","City of Edinburgh","27/01/2020",5,4,5,4,0,18
"1509","Under 3s","Local Authority","St. John's R.C. Primary School Nursery Class","City of Edinburgh","07/09/2020",4,4,5,4,0,17
"1510","Over 3s","Local Authority","St. Leonards Nursery School","City of Edinburgh","18/06/2019",6,6,5,5,0,22
"1511","Over 3s","Local Authority","Stockbridge Primary School Nursery","City of Edinburgh","21/12/2017",5,5,5,5,0,20
"1512","Over 3s","Local Authority","The Royal High Primary School Nursery","City of Edinburgh","31/01/2018",4,4,4,4,0,16
"1513","Over 3s","Local Authority","Towerbank Primary School Nursery","City of Edinburgh","21/08/2017",5,5,5,5,0,20
"1514","Under 3s","Local Authority","Stornoway Primary School Nursery","Na h-Eileanan Siar","20/12/2021",4,5,4,5,0,18
"1515","Over 3s","Local Authority","Laurieston Primary School Nursery","Falkirk","10/10/2019",5,5,5,4,0,19
"1516","Over 3s","Local Authority","Aberdour Primary School Nursery","Fife","21/01/2019",5,5,5,6,0,21
"1517","Under 3s","Local Authority","Buckhaven Primary School Nursery","Fife","07/03/2023",4,4,4,4,0,16
"1518","Under 3s","Local Authority","Burntisland Primary School Nursery","Fife","14/06/2022",4,4,4,4,0,16
"1519","Over 3s","Local Authority","Cairneyhill Primary School Nursery","Fife","06/02/2020",5,6,5,6,0,22
"1520","Over 3s","Local Authority","Camdean Primary School Nursery","Fife","20/04/2023",5,5,5,5,0,20
"1521","Over 3s","Local Authority","Cardenden Primary School Nursery","Fife","11/01/2018",5,5,5,5,0,20
"1522","Over 3s","Local Authority","Collydean Primary School Nursery","Fife","28/10/2019",5,5,5,4,0,19
"1523","Under 3s","Local Authority","Cowdenbeath Primary School Nursery","Fife","29/02/2024",4,5,4,5,0,18
"1524","Over 3s","Local Authority","Crossford Primary School Nursery","Fife","12/12/2019",5,5,5,5,0,20
"1525","Under 3s","Local Authority","Crossgates Primary School Nursery","Fife","16/05/2023",5,5,5,5,0,20
"1526","Over 3s","Local Authority","Dalgety Bay Primary School Nursery","Fife","10/12/2019",5,5,5,5,0,20
"1527","Over 3s","Local Authority","Denbeath Primary School Nursery","Fife","25/03/2024",4,3,3,4,0,14
"1528","Over 3s","Local Authority","Donibristle Primary School Nursery","Fife","29/11/2023",5,5,5,4,0,19
"1529","Over 3s","Local Authority","Dunnikier Primary School Nursery","Fife","20/11/2023",5,5,5,5,0,20
"1530","Over 3s","Local Authority","Kettle Primary School Nursery","Fife","21/12/2022",5,4,4,5,0,18
"1531","Over 3s","Local Authority","Kinglassie Primary School Nursery","Fife","18/08/2023",5,5,5,5,0,20
"1532","Over 3s","Local Authority","Ladybank Primary School Nursery","Fife","13/12/2022",4,4,4,4,0,16
"1533","Under 3s","Local Authority","Ladybird Family Nurture Centre","Fife","13/03/2024",4,3,3,2,0,12
"1534","Under 3s","Local Authority","Sunflower Family Nurture Centre","Fife","31/01/2023",5,5,6,5,0,21
"1535","Over 3s","Local Authority","North Queensferry Primary School Nursery","Fife","12/06/2019",5,5,5,5,0,20
"1536","Over 3s","Local Authority","Pitcoudie Primary School Nursery","Fife","07/10/2022",4,5,5,5,0,19
"1537","Over 3s","Local Authority","Pitreavie Primary School Nursery","Fife","25/02/2020",5,5,5,5,0,20
"1538","Over 3s","Local Authority","Saline Primary School Nursery","Fife","29/08/2023",4,4,4,4,0,16
"1539","Under 3s","Local Authority","St. Monans Primary School Nursery","Fife","29/08/2022",5,4,5,5,0,19
"1540","Over 3s","Local Authority","St. Serf's R C Primary School Nursery","Fife","26/03/2019",5,5,5,5,0,20
"1541","Over 3s","Local Authority","Thornton Primary School Nursery","Fife","26/03/2019",5,5,5,5,0,20
"1542","Over 3s","Local Authority","Elie Street Nursery","Glasgow City","01/06/2022",6,6,5,6,0,23
"1543","Over 3s","Local Authority","Ardnahoe Nursery School","Glasgow City","08/02/2018",5,5,5,5,0,20
"1544","Under 3s","Local Authority","Chesters Nursery School","Glasgow City","03/12/2018",5,5,5,5,0,20
"1545","Under 3s","Local Authority","Kelvin Park Early Years Centre","Glasgow City","10/05/2024",4,4,4,4,2,16
"1546","Over 3s","Local Authority","Fortrose Nursery School","Glasgow City","27/06/2018",5,5,5,5,0,20
"1547","Under 3s","Local Authority","Pollok Childrens Centre","Glasgow City","05/12/2018",5,5,5,5,0,20
"1548","Over 3s","Voluntary or Not for Profit","The High School of Glasgow Kindergarten","East Dunbartonshire","04/02/2020",6,5,5,6,0,22
"1549","Under 3s","Local Authority","Yokerburn Early Years Centre","Glasgow City","23/02/2024",4,3,3,3,2,13
"1550","Over 3s","Local Authority","Thornwood Nursery Class","Glasgow City","01/07/2022",4,4,4,4,0,16
"1551","Under 3s","Local Authority","Whiteinch Nursery School","Glasgow City","03/03/2023",4,5,5,4,0,18
"1552","Over 3s","Local Authority","Applecross Primary School Nursery","Highland","04/09/2023",4,5,4,4,0,17
"1553","Over 3s","Local Authority","Ardersier Primary School Nursery","Highland","26/05/2023",5,4,4,5,0,18
"1554","Over 3s","Local Authority","Arisaig Primary School Nursery","Highland","17/09/2019",4,5,4,4,0,17
"1555","Over 3s","Local Authority","Auchtertyre Primary School Nursery","Highland","02/09/2022",4,4,4,4,0,16
"1556","Over 3s","Local Authority","Auldearn Primary School Nursery","Highland","05/04/2022",4,5,4,4,0,17
"1557","Over 3s","Local Authority","Avoch Primary Early Learning and Child Care","Highland","06/12/2023",3,3,3,3,0,12
"1558","Over 3s","Local Authority","Ballachulish Primary Nursery Class","Highland","11/04/2023",5,5,5,5,0,20
"1559","Over 3s","Local Authority","Balloch Primary School Nursery","Highland","06/03/2024",3,4,4,4,0,15
"1560","Over 3s","Local Authority","Bonar Bridge Primary School Nursery","Highland","15/07/2019",5,4,4,5,0,18
"1561","Under 3s","Local Authority","Broadford School English Medium Nursery","Highland","24/10/2023",4,5,4,4,0,17
"1562","Over 3s","Local Authority","Brora Primary School Nursery","Highland","24/07/2017",4,5,4,5,0,18
"1563","Over 3s","Local Authority","Bualnaluib Primary School Nursery","Highland","21/06/2023",5,5,4,5,0,19
"1564","Over 3s","Local Authority","Caol Nursery School","Highland","27/01/2023",5,5,5,5,0,20
"1565","Under 3s","Local Authority","Carbost Primary School Nursery","Highland","06/02/2023",5,5,5,4,0,19
"1566","Over 3s","Local Authority","Carrbridge Primary","Highland","13/03/2019",5,4,4,5,0,18
"1567","Over 3s","Local Authority","Castletown Primary School Nursery","Highland","07/11/2023",4,4,4,4,0,16
"1568","Over 3s","Local Authority","Cauldeen Primary School Acorn Nursery","Highland","25/10/2023",5,3,4,4,0,16
"1569","Over 3s","Local Authority","Ben Wyvis Primary School Nursery","Highland","13/10/2023",4,4,3,3,0,14
"1570","Over 3s","Local Authority","Coulhill Primary School Nursery","Highland","21/06/2022",5,4,4,4,0,17
"1571","Over 3s","Local Authority","Cradlehall Primary School Nursery","Highland","24/05/2016",5,5,5,5,0,20
"1572","Over 3s","Local Authority","Crown Primary Nursery Class","Highland","20/03/2024",3,4,4,4,0,15
"1573","Over 3s","Local Authority","Croy Primary School Nursery","Highland","17/05/2024",4,4,4,4,0,16
"1574","Over 3s","Local Authority","Dalneigh Primary School Nursery","Highland","09/01/2023",4,5,5,4,0,18
"1575","Over 3s","Local Authority","Dochgarroch Primary School Nursery","Highland","13/12/2023",5,5,4,4,0,18
"1576","Over 3s","Local Authority","Dornoch Primary School Nursery","Highland","06/03/2024",4,5,5,4,0,18
"1577","Over 3s","Local Authority","Dunvegan Primary School Nursery","Highland","10/09/2019",4,5,5,4,0,18
"1578","Over 3s","Local Authority","Eigg Primary School Nursery","Highland","21/08/2024",3,3,3,3,0,12
"1579","Over 3s","Local Authority","Farr Primary School Nursery","Highland","04/05/2022",4,5,5,5,0,19
"1580","Over 3s","Local Authority","Glenelg Primary School Nursery","Highland","30/01/2020",4,4,4,5,0,17
"1581","Over 3s","Local Authority","Golspie Primary School Nursery","Highland","03/04/2018",5,5,4,5,0,19
"1582","Over 3s","Local Authority","Helmsdale Primary School Nursery","Highland","19/01/2024",4,4,3,4,0,15
"1583","Over 3s","Local Authority","Hilton of Cadboll Primary School Nursery","Highland","06/01/2020",5,4,5,5,0,19
"1584","Over 3s","Local Authority","Hilton Early Learning and Childcare","Highland","22/08/2023",3,3,3,3,0,12
"1585","Over 3s","Local Authority","Holm Early Learning and Childcare Centre","Highland","28/10/2022",4,4,5,4,0,17
"1586","Over 3s","Local Authority","Invergarry Primary School Nursery","Highland","27/07/2023",5,5,4,5,0,19
"1587","Over 3s","Local Authority","Inverlochy Primary Nursery Class","Highland","22/08/2022",5,5,4,4,0,18
"1588","Over 3s","Local Authority","Keiss Primary School Nursery","Highland","17/04/2024",4,4,4,4,0,16
"1589","Over 3s","Local Authority","Kilchoan Primary School Nursery","Highland","27/10/2022",4,5,5,5,0,19
"1590","Over 3s","Local Authority","Kilchuimen Primary School Nursery","Highland","13/01/2023",4,5,4,4,0,17
"1591","Over 3s","Local Authority","Kilmuir Primary School Nursery","Highland","30/08/2019",5,5,5,4,0,19
"1592","Over 3s","Local Authority","Kiltearn Primary School Nursery","Highland","22/02/2024",3,4,4,3,0,14
"1593","Over 3s","Local Authority","Kingussie Primary School Nursery","Highland","02/05/2019",4,4,4,5,0,17
"1594","Under 3s","Local Authority","Kinlochleven Primary School Nursery","Highland","03/07/2023",5,5,5,5,0,20
"1595","Over 3s","Local Authority","Kinmylies Primary School Nursery","Highland","22/06/2022",4,4,4,4,0,16
"1596","Over 3s","Local Authority","Kirkhill Primary School Nursery","Highland","19/05/2022",5,5,4,4,0,18
"1597","Over 3s","Local Authority","Kyleakin Primary School Nursery","Highland","21/12/2022",5,5,5,5,0,20
"1598","Over 3s","Local Authority","Lairg Primary School Nursery","Highland","05/09/2019",4,5,4,5,0,18
"1599","Over 3s","Local Authority","Lochardil Early Learning and Childcare Setting","Highland","29/09/2017",5,5,4,5,0,19
"1600","Over 3s","Local Authority","Lybster Primary School Nursery","Highland","18/05/2018",4,4,4,4,0,16
"1601","Over 3s","Local Authority","Macdiarmid Primary School Nursery","Highland","10/04/2024",4,5,3,4,0,16
"1602","Over 3s","Local Authority","Marybank Primary School Nursery","Highland","25/07/2023",4,5,4,4,0,17
"1603","Over 3s","Local Authority","Melvich Primary School Nursery","Highland","19/01/2023",5,5,5,5,0,20
"1604","Over 3s","Local Authority","Miller Academy Early Learning and Childcare Centre","Highland","24/10/2022",4,5,5,4,0,18
"1605","Over 3s","Local Authority","Milton Primary and Early Learning Centre","Highland","03/10/2023",5,5,5,5,0,20
"1606","Over 3s","Local Authority","Muck Primary School Nursery","Highland","06/11/2023",3,4,3,4,0,14
"1607","Over 3s","Local Authority","Muirtown Primary School Nursery","Highland","19/07/2022",5,4,5,5,0,19
"1608","Under 3s","Local Authority","Newtonmore Primary School Nursery","Highland","19/04/2023",4,4,5,5,0,18
"1609","Over 3s","Local Authority","Obsdale Primary School Nursery","Highland","26/09/2023",4,4,4,4,0,16
"1610","Over 3s","Local Authority","Park Early Learning and Childcare Suite","Highland","28/06/2023",5,5,5,4,1,19
"1611","Over 3s","Local Authority","Pennyland Primary School Nursery","Highland","10/07/2024",5,5,5,5,0,20
"1612","Over 3s","Local Authority","Newton Park Primary Nursery","Highland","06/06/2024",4,3,4,4,0,15
"1613","Over 3s","Local Authority","Raasay Primary School Nursery","Highland","12/07/2017",5,5,4,4,0,18
"1614","Over 3s","Local Authority","Raigmore Primary School Nursery","Highland","07/01/2020",5,5,4,5,0,19
"1615","Over 3s","Local Authority","Rosebank School Nursery","Highland","21/11/2016",5,5,5,5,0,20
"1616","Over 3s","Local Authority","Scoraig Primary School Nursery","Highland","15/11/2018",4,4,4,4,0,16
"1617","Under 3s","Local Authority","Shieldaig Primary School Nursery","Highland","19/02/2024",4,5,4,4,0,17
"1618","Over 3s","Local Authority","Bun-sgoil Shleite","Highland","21/02/2024",5,5,5,5,0,20
"1619","Over 3s","Local Authority","Smithton Primary School Nursery","Highland","14/03/2023",5,5,5,4,0,19
"1620","Over 3s","Local Authority","South Lodge Primary School Nursery","Highland","02/05/2018",4,4,4,4,0,16
"1621","Over 3s","Local Authority","St. Joseph's RC Primary Nursery and After School Care Club - Inverness","Highland","31/08/2020",4,5,5,5,0,19
"1622","Over 3s","Local Authority","Strathpeffer Primary School Nursery","Highland","28/04/2022",5,5,5,5,0,20
"1623","Over 3s","Local Authority","Tarbat Old Primary School Nursery","Highland","23/08/2019",5,5,5,5,0,20
"1624","Over 3s","Local Authority","Tarradale Primary School Nursery","Highland","15/04/2024",4,5,5,5,0,19
"1625","Over 3s","Local Authority","Teanassie Primary School Nursery","Highland","11/02/2019",5,5,5,5,0,20
"1626","Over 3s","Local Authority","Thrumster Primary School Nursery","Highland","25/07/2022",5,4,5,5,0,19
"1627","Over 3s","Local Authority","Tomnacross Primary School Nursery","Highland","14/06/2024",4,4,5,5,0,18
"1628","Over 3s","Local Authority","Ullapool Primary School Nursery","Highland","18/02/2019",4,4,4,5,0,17
"1629","Over 3s","Local Authority","Lundavra Primary School Nursery","Highland","27/10/2022",4,4,5,4,0,17
"1630","Under 3s","Local Authority","Gibshill Children's Centre","Inverclyde","20/11/2019",5,5,5,5,0,20
"1631","Over 3s","Local Authority","Cornbank St. James' Primary School Nursery","Midlothian","03/09/2018",5,5,5,5,0,20
"1632","Over 3s","Local Authority","Mayfield Nursery School","Midlothian","03/12/2019",6,5,6,5,0,22
"1633","Over 3s","Local Authority","Rosewell Primary School Nursery","Midlothian","28/08/2018",5,4,5,5,0,19
"1634","Over 3s","Local Authority","Beith Primary School Early Years Class","North Ayrshire","20/06/2016",5,5,4,5,0,19
"1635","Over 3s","Local Authority","Cumbrae Primary School Nursery Class","North Ayrshire","01/05/2018",4,4,4,5,0,17
"1636","Over 3s","Local Authority","Dreghorn Primary School Early Years Class","North Ayrshire","31/05/2021",4,4,4,4,0,16
"1637","Over 3s","Local Authority","Gateside Early Years Class","North Ayrshire","28/05/2024",5,5,5,5,0,20
"1638","Under 3s","Local Authority","Glencairn Primary School Nursery Class","North Ayrshire","20/12/2019",5,6,5,5,0,21
"1639","Under 3s","Local Authority","Hayocks Primary School Nursery Class","North Ayrshire","11/06/2024",4,3,4,4,0,15
"1640","Over 3s","Local Authority","Lawthorn Primary School Nursery Class","North Ayrshire","06/01/2020",5,5,5,5,0,20
"1641","Over 3s","Local Authority","Loudoun-Montgomery Primary School Nursery Class","North Ayrshire","27/04/2021",5,5,4,4,0,18
"1642","Over 3s","Local Authority","Moorpark Primary School Nursery Class","North Ayrshire","15/03/2018",4,5,4,5,0,18
"1643","Over 3s","Local Authority","Skelmorlie Primary School Nursery Class","North Ayrshire","13/09/2022",5,5,5,5,0,20
"1644","Over 3s","Local Authority","Largs Early Years Centre","North Ayrshire","29/11/2018",5,5,5,5,0,20
"1645","Over 3s","Local Authority","West Kilbride Primary School Nursery Class","North Ayrshire","24/08/2016",5,4,4,4,0,17
"1646","Over 3s","Local Authority","St. Mary's Primary Nursery Class","North Lanarkshire","24/01/2018",4,4,4,5,0,17
"1647","Under 3s","Local Authority","Hope Primary School Nursery","Orkney Islands","08/01/2020",4,5,4,5,0,18
"1648","Over 3s","Local Authority","Alyth Primary School Nursery","Perth & Kinross","25/08/2023",5,5,4,5,0,19
"1649","Over 3s","Local Authority","Errol Primary School Nursery","Perth & Kinross","23/11/2022",5,5,4,4,0,18
"1650","Under 3s","Local Authority","Goodlyburn and City of Perth Early Childhood Centre","Perth & Kinross","06/03/2024",4,5,5,5,0,19
"1651","Under 3s","Local Authority","Kinross Primary School Nursery","Perth & Kinross","06/01/2020",5,5,5,5,0,20
"1652","Over 3s","Local Authority","Longforgan Primary School Nursery","Perth & Kinross","15/09/2022",5,5,4,5,0,19
"1653","Under 3s","Local Authority","Milnathort Primary School Nursery","Perth & Kinross","10/06/2022",5,5,4,5,0,19
"1654","Over 3s","Local Authority","Murthly Primary School Nursery","Perth & Kinross","16/06/2023",5,5,5,5,0,20
"1655","Under 3s","Local Authority","Oakbank Primary School Nursery","Perth & Kinross","01/09/2022",5,5,4,5,0,19
"1656","Over 3s","Local Authority","Our Lady's RC Primary Nursery -  Perth","Perth & Kinross","30/05/2024",5,5,5,5,0,20
"1657","Under 3s","Local Authority","Rattray Early Childhood Centre","Perth & Kinross","19/01/2023",5,5,4,4,0,18
"1658","Over 3s","Local Authority","Royal School Of Dunkeld Primary School Nursery","Perth & Kinross","13/01/2023",4,5,5,5,0,19
"1659","Under 3s","Local Authority","Stanley Primary School Nursery","Perth & Kinross","30/09/2019",4,4,5,4,0,17
"1660","Under 3s","Local Authority","Glendee Early Learning and Childcare Centre","Renfrewshire","20/01/2022",5,4,4,4,0,17
"1661","Under 3s","Local Authority","Balmoral Primary School Nursery","Scottish Borders","25/04/2024",4,4,3,4,0,15
"1662","Over 3s","Local Authority","Burgh Primary School Nursery","Scottish Borders","15/07/2019",5,5,5,4,0,19
"1663","Under 3s","Local Authority","Channelkirk Primary School Nursery","Scottish Borders","25/01/2024",4,4,4,4,0,16
"1664","Over 3s","Local Authority","Chirnside Primary School Nursery","Scottish Borders","26/04/2024",4,4,4,4,0,16
"1665","Under 3s","Local Authority","Coldstream Primary School Nursery","Scottish Borders","08/12/2016",4,4,4,4,0,16
"1666","Over 3s","Local Authority","Drumlanrig St. Cuthbert's Primary School Nursery","Scottish Borders","09/05/2023",4,5,4,4,0,17
"1667","Over 3s","Local Authority","Ednam Primary School Nursery","Scottish Borders","13/03/2018",4,5,4,4,0,17
"1668","Under 3s","Local Authority","Eyemouth Primary School Nursery","Scottish Borders","08/06/2021",5,5,5,5,0,20
"1669","Over 3s","Local Authority","Knowepark Primary School Nursery","Scottish Borders","18/12/2018",4,4,4,4,0,16
"1670","Over 3s","Local Authority","Lauder Primary School Nursery","Scottish Borders","17/01/2020",5,5,5,5,0,20
"1671","Over 3s","Local Authority","Lilliesleaf Primary School Nursery","Scottish Borders","09/05/2017",5,5,5,5,0,20
"1672","Over 3s","Local Authority","Melrose Primary School Nursery","Scottish Borders","19/12/2023",4,5,4,4,0,17
"1673","Over 3s","Local Authority","Morebattle Primary School Nursery","Scottish Borders","10/01/2023",4,5,4,5,0,18
"1674","Over 3s","Local Authority","Newcastleton Primary School Nursery","Scottish Borders","16/04/2024",5,5,5,5,0,20
"1675","Under 3s","Local Authority","Newtown Primary School Nursery","Scottish Borders","03/11/2022",5,5,5,4,0,19
"1676","Under 3s","Local Authority","Philiphaugh Community School Nursery","Scottish Borders","15/12/2017",5,5,4,4,0,18
"1677","Over 3s","Local Authority","Reston Primary School Nursery","Scottish Borders","29/05/2024",3,3,4,3,0,13
"1678","Over 3s","Local Authority","St. Peter's R.C. Primary School Nursery Class","City of Edinburgh","09/04/2018",5,5,5,5,0,20
"1679","Over 3s","Local Authority","Stow Primary School Nursery","Scottish Borders","12/05/2023",4,4,4,4,0,16
"1680","Under 3s","Local Authority","Trinity Primary School Nursery","Scottish Borders","29/02/2024",4,3,3,3,0,13
"1681","Over 3s","Local Authority","Tweedbank Primary School Nursery","Scottish Borders","28/11/2022",5,5,5,5,0,20
"1682","Under 3s","Local Authority","West Linton Primary School Nursery","Scottish Borders","20/04/2023",5,5,5,5,0,20
"1683","Over 3s","Local Authority","Wilton Primary School Nursery","Scottish Borders","01/11/2017",4,4,4,5,0,17
"1684","Over 3s","Local Authority","Scalloway Nursery","Shetland Islands","03/11/2023",4,5,4,5,0,18
"1685","Under 3s","Local Authority","Barr Early Years Centre","South Ayrshire","29/07/2019",4,4,5,4,0,17
"1686","Under 3s","Local Authority","Braehead Early Years Centre","South Ayrshire","02/05/2024",4,4,4,4,0,16
"1687","Under 3s","Local Authority","Coylton Early Years Centre","South Ayrshire","09/03/2023",5,5,6,5,0,21
"1688","Under 3s","Local Authority","Dailly Early Years Centre","South Ayrshire","11/07/2019",4,5,5,4,0,18
"1689","Under 3s","Local Authority","Doonfoot Early Years Centre","South Ayrshire","04/03/2019",5,5,5,5,0,20
"1690","Under 3s","Local Authority","Dundonald Early Years Centre","South Ayrshire","14/10/2019",4,5,5,4,0,18
"1691","Under 3s","Local Authority","Forehill Early Years Centre","South Ayrshire","05/07/2023",5,5,5,5,0,20
"1692","Under 3s","Local Authority","Girvan Early Years Centre","South Ayrshire","26/06/2018",5,5,5,5,0,20
"1693","Under 3s","Local Authority","Prestwick North Early Years Centre","South Ayrshire","11/01/2024",5,4,4,4,0,17
"1694","Over 3s","Local Authority","Kingcase Early Years Centre","South Ayrshire","17/07/2019",6,5,5,6,0,22
"1695","Under 3s","Local Authority","Muirhead Early Years Centre","South Ayrshire","28/03/2024",5,5,4,5,0,19
"1696","Under 3s","Local Authority","Newton Early Years Centre","South Ayrshire","11/04/2019",5,5,5,5,0,20
"1697","Over 3s","Local Authority","Killearn Primary School Nursery","Stirling","28/03/2023",5,5,5,5,0,20
"1698","Over 3s","Local Authority","Armadale Primary School Nursery","West Lothian","27/05/2024",5,5,5,5,1,20
"1699","Over 3s","Local Authority","Blackridge Primary School Nursery","West Lothian","22/12/2022",4,4,4,4,0,16
"1700","Under 3s","Local Authority","Bridgend Primary School Nursery","West Lothian","27/04/2022",4,4,5,5,0,18
"1701","Over 3s","Local Authority","Broxburn Primary School Nursery Class","West Lothian","20/12/2023",5,5,5,5,0,20
"1702","Over 3s","Local Authority","Carmondean Primary School Nursery","West Lothian","08/02/2024",3,4,3,3,0,13
"1703","Under 3s","Local Authority","East Calder Nursery","West Lothian","18/03/2024",5,4,4,4,0,17
"1704","Over 3s","Local Authority","Fauldhouse Nursery Class","West Lothian","21/11/2023",5,5,4,4,0,18
"1705","Over 3s","Local Authority","Howden St. Andrews Primary School Nursery Class","West Lothian","25/08/2021",5,5,5,5,0,20
"1706","Over 3s","Local Authority","Kirkhill Nursery School","West Lothian","15/11/2017",4,4,5,5,0,18
"1707","Over 3s","Local Authority","Kirknewton Primary School Nursery","West Lothian","21/09/2020",4,4,4,4,0,16
"1708","Over 3s","Local Authority","Letham Pre School Class","Angus","30/01/2018",5,5,5,5,0,20
"1709","Over 3s","Local Authority","Linlithgow Primary School Nursery","West Lothian","17/05/2024",5,5,5,5,0,20
"1710","Under 3s","Local Authority","Polbeth Nursery School","West Lothian","21/10/2022",4,4,4,5,0,17
"1711","Over 3s","Local Authority","Polkemmet Primary School Nursery Class","West Lothian","29/08/2019",4,5,5,4,0,18
"1712","Over 3s","Local Authority","Toronto Primary School Nursery Class","West Lothian","18/03/2024",5,6,6,5,0,22
"1713","Over 3s","Local Authority","Winchburgh Primary School Nursery","West Lothian","08/03/2022",4,5,4,5,0,18
"1714","Over 3s","Local Authority","Windyknowe Primary School Nursery","West Lothian","18/02/2020",5,5,6,5,0,21
"1715","Over 3s","Local Authority","Woodlands Nursery School","West Lothian","03/04/2018",5,5,4,4,0,18
"1716","Under 3s","Voluntary or Not for Profit","Stepping Stones for Families: Glasgow Creche","Glasgow City","04/07/2019",5,5,4,5,0,19
"1717","Over 3s","Private","MACS Busby","East Renfrewshire","12/12/2019",5,5,4,5,0,19
"1718","Under 3s","Private","Headstart Nursery, a partnership","Glasgow City","14/08/2024",4,4,4,4,0,16
"1719","Under 3s","Private","Happy Days Too @ Southfield","East Renfrewshire","28/02/2019",4,4,5,5,0,18
"1720","Under 3s","Private","Green Acres Nursery","Glasgow City","02/09/2021",6,6,6,6,0,24
"1721","Under 3s","Private","Hyde 'N' Seek Nursery - Prospecthill Road","Glasgow City","23/10/2018",4,4,4,4,0,16
"1722","Over 3s","Local Authority","Balmalloch Nursery Class","North Lanarkshire","20/09/2019",6,6,5,5,0,22
"1723","Over 3s","Local Authority","St. Margaret of Scotland PS Nursery Class","North Lanarkshire","30/10/2023",4,5,4,5,0,18
"1724","Under 3s","Private","Happy Days Too @ Busby","East Renfrewshire","12/03/2024",4,5,4,4,0,17
"1725","Over 3s","Local Authority","St. Andrew's Nursery Class","North Lanarkshire","01/07/2019",4,3,3,4,0,14
"1726","Over 3s","Voluntary or Not for Profit","Hazlehead OOSC","Aberdeen City","19/02/2021",4,4,4,4,0,16
"1727","Over 3s","Voluntary or Not for Profit","PEACE Loanhead","East Ayrshire","02/05/2024",4,4,4,4,0,16
"1728","Under 3s","Private","Alphabet Yard","South Ayrshire","09/11/2022",4,4,4,4,1,16
"1729","Over 3s","Voluntary or Not for Profit","Pinkie St Peter's Out of School Club","East Lothian","21/08/2024",3,3,2,3,0,11
"1730","Under 3s","Private","Stepping Stones","Renfrewshire","27/01/2020",5,5,5,5,0,20
"1731","Over 3s","Voluntary or Not for Profit","Pupil's Out Of School Care Club","North Ayrshire","08/06/2022",5,5,4,5,0,19
"1732","Under 3s","Private","Somerset Nursery - Fitzroy","Glasgow City","10/06/2019",4,4,4,4,0,16
"1733","Under 3s","Local Authority","Wellpark Children's Centre","Inverclyde","15/11/2018",5,4,5,5,0,19
"1734","Over 3s","Local Authority","Coylton Care Club","South Ayrshire","24/07/2020",4,4,4,4,0,16
"1735","Under 3s","Voluntary or Not for Profit","PPP Childcare Service","Highland","08/08/2023",4,5,4,4,0,17
"1736","Under 3s","Private","Hillfoot Nursery","East Dunbartonshire","26/08/2024",4,4,4,4,0,16
"1737","Under 3s","Private","Lecropt Ltd","Stirling","13/05/2024",5,5,5,5,0,20
"1738","Under 3s","Voluntary or Not for Profit","Cairndow Community Childcare","Argyll & Bute","18/09/2020",4,4,4,4,0,16
"1739","Over 3s","Private","Holmston Out of Skool Club","South Ayrshire","06/08/2019",4,4,4,4,0,16
"1740","Over 3s","Local Authority","Village Kids Club","Perth & Kinross","31/05/2024",5,4,5,4,0,18
"1741","Over 3s","Voluntary or Not for Profit","Kool Kidz (Hillington)","Glasgow City","16/02/2018",4,4,4,4,0,16
"1742","Over 3s","Voluntary or Not for Profit","Radnor Park Out of School Care","West Dunbartonshire","26/09/2023",5,5,5,5,0,20
"1743","Under 3s","Private","Dean Park Nursery","East Ayrshire","27/01/2022",5,5,5,5,0,20
"1744","Under 3s","Private","The Kidz Stop Ltd","Falkirk","18/04/2024",3,3,3,3,1,12
"1745","Over 3s","Local Authority","Strathmartine Pre School Class","Angus","06/01/2020",5,5,5,5,0,20
"1746","Over 3s","Local Authority","Abernethy Primary Nursery Class","Perth & Kinross","17/04/2024",4,4,4,5,0,17
"1747","Under 3s","Private","Badden Farm Nursery","Argyll & Bute","04/10/2018",5,4,4,4,0,17
"1748","Over 3s","Voluntary or Not for Profit","PEACE Annanhill","East Ayrshire","11/07/2017",4,5,4,5,0,18
"1749","Over 3s","Local Authority","St. John's Kids Club","Perth & Kinross","02/05/2024",5,4,4,4,0,17
"1750","Over 3s","Local Authority","Scone Kids Club","Perth & Kinross","16/03/2018",4,5,4,4,0,17
"1751","Under 3s","Local Authority","Flowerbank Early Childhood Centre","East Ayrshire","06/10/2023",4,5,4,4,0,17
"1752","Under 3s","Private","Mulberry Bush Montessori","Glasgow City","22/08/2023",4,5,4,4,0,17
"1753","Under 3s","Local Authority","Hillbank Early Childhood Centre","East Ayrshire","13/09/2018",5,5,6,6,0,22
"1754","Under 3s","Private","Busy Bees Nursery (Stranraer)","Dumfries & Galloway","27/02/2019",4,4,4,4,0,16
"1755","Under 3s","Private","ABC Tots Ltd","West Lothian","10/07/2019",5,4,4,4,1,17
"1756","Under 3s","Private","Playbarn","Aberdeenshire","12/01/2018",5,6,5,6,0,22
"1757","Over 3s","Local Authority","Arngask Primary School Nursery Class","Perth & Kinross","20/12/2019",5,5,5,5,0,20
"1758","Over 3s","Local Authority","Tayport Out of School Club","Fife","03/04/2024",4,5,4,4,0,17
"1759","Over 3s","Voluntary or Not for Profit","Schools Out in Troon","South Ayrshire","27/06/2018",4,4,4,5,0,17
"1760","Over 3s","Voluntary or Not for Profit","Mossneuk Out of School Service","South Lanarkshire","14/05/2024",4,4,3,4,0,15
"1761","Over 3s","Local Authority","Fisherton Early Years Centre","South Ayrshire","12/06/2019",4,5,4,5,0,18
"1762","Under 3s","Private","Building Blocks Dunfermline Nursery","Fife","10/01/2022",5,5,4,4,0,18
"1763","Over 3s","Local Authority","Benarty Primary School Nursery","Fife","23/02/2023",5,5,5,5,0,20
"1764","Over 3s","Private","Cardowan and Stepps Out of School Club","North Lanarkshire","24/07/2024",4,4,4,4,0,16
"1765","Over 3s","Local Authority","Blair Kids Club","Perth & Kinross","30/01/2019",5,4,4,4,0,17
"1766","Over 3s","Private","Mount Florida Out of School Project","Glasgow City","19/06/2019",5,5,5,5,0,20
"1767","Over 3s","Private","Childcare Connections - Gilmerton Playcare","City of Edinburgh","17/01/2020",5,5,5,5,0,20
"1768","Over 3s","Local Authority","St. Anthony's Roman Catholic Primary School Nursery","West Lothian","08/03/2024",4,4,4,4,0,16
"1769","Under 3s","Private","Little Scholars (Nursery) Limited","South Lanarkshire","12/08/2024",5,5,5,5,0,20
"1770","Under 3s","Private","Carousel Child Care","Falkirk","11/10/2023",4,4,4,4,0,16
"1771","Over 3s","Private","Craigiebarn Owls Out of School Care Club","Dundee City","29/02/2024",4,5,4,5,0,18
"1772","Under 3s","Private","Cadzow Nursery School","South Lanarkshire","25/05/2021",4,4,4,4,0,16
"1773","Over 3s","Local Authority","Ordiquhill School Nursery","Aberdeenshire","02/07/2018",4,5,4,4,0,17
"1774","Over 3s","Local Authority","St. Margarets Out of School Club","Fife","22/03/2018",4,5,4,4,0,17
"1775","Under 3s","Local Authority","Bellsbank Early Childhood Centre","East Ayrshire","29/06/2022",5,4,4,5,0,18
"1776","Over 3s","Local Authority","Castleview Primary School Nursery","City of Edinburgh","24/06/2024",4,4,4,4,0,16
"1777","Over 3s","Local Authority","Leuchars Out of School Club","Fife","28/10/2019",5,4,4,5,0,18
"1778","Over 3s","Local Authority","Anstruther Primary School Nursery","Fife","04/02/2019",5,6,5,5,0,21
"1779","Over 3s","Private","Kingspark After School Care","Glasgow City","15/01/2020",4,5,5,5,0,19
"1780","Over 3s","Private","Kidzcare at Bruntsfield","City of Edinburgh","30/04/2019",4,4,4,4,0,16
"1781","Under 3s","Voluntary or Not for Profit","First Step Nursery","East Lothian","17/04/2024",4,5,5,4,0,18
"1782","Over 3s","Local Authority","Pitteuchar West Primary School Nursery","Fife","23/04/2024",4,4,4,4,0,16
"1783","Under 3s","Local Authority","Ladywell Nursery School - Livingston","West Lothian","28/07/2023",5,5,4,4,0,18
"1784","Under 3s","Local Authority","Ardler Primary School Nursery","Dundee City","11/04/2023",5,5,5,5,0,20
"1785","Under 3s","Local Authority","Quarry View Nursery","Dundee City","10/01/2024",5,5,5,5,0,20
"1786","Under 3s","Local Authority","St. Ninian's R C Primary School Nursery.","Dundee City","01/07/2019",5,5,4,5,0,19
"1787","Under 3s","Private","Rainbow Nursery - Bathgate","West Lothian","21/06/2024",3,5,3,3,0,14
"1788","Under 3s","Private","Smallworld Children's Nursery and Daycare","Angus","12/01/2022",4,4,4,4,0,16
"1789","Under 3s","Private","Prestwick Private Kindergarten","South Ayrshire","25/10/2023",4,4,4,4,0,16
"1790","Over 3s","Local Authority","Antonine Primary School Early Learning and Childcare Class","Falkirk","24/12/2018",5,5,5,5,0,20
"1791","Over 3s","Local Authority","Bankier Primary School, Early Learning and Childcare Class","Falkirk","29/04/2019",4,4,4,4,0,16
"1792","Under 3s","Local Authority","Bonnypark Early Learning and Childcare Centre","Falkirk","24/07/2019",5,5,5,5,0,20
"1793","Over 3s","Local Authority","Bowhouse Primary School, Early Learning and Childcare Class","Falkirk","10/10/2019",6,5,4,6,0,21
"1794","Over 3s","Local Authority","California Primary School Nursery","Falkirk","06/06/2019",5,5,5,5,0,20
"1795","Over 3s","Local Authority","Carmuirs Primary School Nursery","Falkirk","15/03/2018",5,5,5,5,0,20
"1796","Over 3s","Local Authority","Carronshore Primary School Nursery","Falkirk","15/11/2022",5,5,5,5,0,20
"1797","Over 3s","Local Authority","Deanburn Primary School, Early Learning and Childcare Class","Falkirk","03/11/2022",5,5,4,5,1,19
"1798","Over 3s","Local Authority","Dunipace Primary School Nursery","Falkirk","28/02/2020",5,4,4,4,0,17
"1799","Over 3s","Local Authority","Easter Carmuirs Early Learning and Childcare Class","Falkirk","21/01/2019",4,4,4,4,0,16
"1800","Over 3s","Local Authority","Grange Primary School, Early Learning and Childcare Class","Falkirk","11/01/2022",5,4,4,5,0,18
"1801","Over 3s","Local Authority","Kinneil Primary School, Early Learning and Childcare Class","Falkirk","03/04/2024",4,5,4,4,0,17
"1802","Over 3s","Local Authority","Glendevon Early Learning and Childcare Centre","Falkirk","18/09/2020",5,5,5,5,0,20
"1803","Over 3s","Local Authority","St. Joseph's RC Primary School Nursery","Falkirk","29/06/2023",5,5,5,5,0,20
"1804","Over 3s","Local Authority","Victoria Primary School Nursery","Falkirk","01/06/2023",4,4,4,4,0,16
"1805","Under 3s","Local Authority","Inchlair Early Learning and Childcare Centre","Falkirk","20/02/2024",5,5,5,5,0,20
"1806","Over 3s","Local Authority","Aberfoyle Primary School Nursery","Stirling","20/02/2024",5,5,5,5,0,20
"1807","Over 3s","Local Authority","Bannockburn Primary School Nursery","Stirling","20/05/2024",5,5,5,5,0,20
"1808","Under 3s","Local Authority","Cowie Nursery","Stirling","16/06/2021",5,5,5,5,0,20
"1809","Under 3s","Local Authority","Killin Nursery","Stirling","03/04/2023",5,5,5,5,0,20
"1810","Under 3s","Local Authority","Wellgreen Nursery","Stirling","05/10/2022",5,6,6,5,0,22
"1811","Under 3s","Local Authority","Park ELC","Clackmannanshire","11/07/2023",4,4,4,4,1,16
"1812","Under 3s","Local Authority","Banchory ELC","Clackmannanshire","26/11/2021",5,5,5,5,0,20
"1813","Under 3s","Local Authority","Sunnyside ELC","Clackmannanshire","27/10/2023",4,4,4,4,0,16
"1814","Over 3s","Local Authority","Monkton Early Years Centre","South Ayrshire","19/09/2019",5,5,5,5,0,20
"1815","Under 3s","Private","Carriagehill Nursery Green Road","Renfrewshire","24/04/2019",4,5,4,4,0,17
"1816","Under 3s","Private","The Park Nursery and Kindergarten","Glasgow City","10/07/2024",4,4,5,4,0,17
"1817","Under 3s","Private","Busy Bees @ Halbeath","Fife","04/06/2018",5,5,5,5,0,20
"1818","Under 3s","Private","Step by Step Private Nursery","North Lanarkshire","03/08/2022",6,6,5,6,0,23
"1819","Over 3s","Local Authority","St. John's Primary School Nursery Class","North Ayrshire","06/06/2019",4,5,5,5,0,19
"1820","Over 3s","Local Authority","St. Mark's Primary School Nursery Class","North Ayrshire","04/05/2023",4,4,4,4,0,16
"1821","Over 3s","Local Authority","Woodlands Primary School Early Years Class","North Ayrshire","20/03/2017",4,4,4,4,0,16
"1822","Under 3s","Local Authority","Dalry Early Years Centre","North Ayrshire","16/06/2020",6,6,5,5,0,22
"1823","Under 3s","Local Authority","Springvale Early Years Centre","North Ayrshire","15/08/2024",5,5,5,5,0,20
"1824","Under 3s","Voluntary or Not for Profit","Central Leith After School Provision at Leith Primary","City of Edinburgh","18/10/2021",4,4,5,4,0,17
"1825","Over 3s","Local Authority","Eliburn Nursery Class","West Lothian","24/06/2019",4,5,5,5,0,19
"1826","Under 3s","Private","Harlequin Kindergarten","South Lanarkshire","17/07/2018",4,4,4,4,0,16
"1827","Over 3s","Local Authority","Beatlie  Nursery","West Lothian","20/12/2018",6,6,6,6,0,24
"1828","Over 3s","Local Authority","Letham Primary School Nursery - Livingston","West Lothian","27/04/2022",4,5,5,5,0,19
"1829","Over 3s","Local Authority","Fair Isle Out of School Club","Fife","14/03/2023",4,4,4,4,0,16
"1830","Over 3s","Local Authority","St. Mary's RC (Leith) Primary School","City of Edinburgh","13/11/2020",4,4,4,4,0,16
"1831","Over 3s","Local Authority","St. Ninian's RC Primary School","City of Edinburgh","08/06/2018",6,5,4,6,0,21
"1832","Under 3s","Private","Thrive Childcare and Education Corner House Nursery Stirling","Stirling","23/11/2023",3,4,4,4,1,15
"1833","Under 3s","Private","Craigard Nursery","North Lanarkshire","25/02/2020",4,5,4,4,0,17
"1834","Under 3s","Private","Thrive Childcare and Education Corner House Nursery Falkirk","Falkirk","19/08/2024",3,4,3,4,1,14
"1835","Under 3s","Local Authority","Westfield Family Nurture Centre","Fife","21/11/2019",5,6,4,5,0,20
"1836","Over 3s","Local Authority","Forthview Primary School Nursery","City of Edinburgh","17/01/2018",5,6,5,5,0,21
"1837","Under 3s","Private","Pinocchio's @ Heriot Watt","City of Edinburgh","16/04/2024",3,3,3,3,2,12
"1838","Under 3s","Private","Doune Terrace Nursery","City of Edinburgh","12/03/2018",5,5,6,5,0,21
"1839","Over 3s","Local Authority","Machanhill Primary School Nursery Class","South Lanarkshire","23/01/2018",5,5,5,5,0,20
"1840","Over 3s","Local Authority","Letham Primary School Early Childhood Centre","Perth & Kinross","05/04/2023",5,5,5,5,0,20
"1841","Over 3s","Local Authority","St. Madoes Primary School Nursery","Perth & Kinross","23/11/2018",4,5,4,4,0,17
"1842","Over 3s","Voluntary or Not for Profit","Kirktonholme Kidz Club","South Lanarkshire","07/08/2019",5,4,4,5,0,18
"1843","Over 3s","Local Authority","Sgoil-araich Taobh na Pairce","City of Edinburgh","16/09/2019",6,5,5,5,0,21
"1844","Over 3s","Local Authority","Tollbrae Primary School Nursery","North Lanarkshire","28/02/2023",5,5,5,5,0,20
"1845","Over 3s","Local Authority","Dundonald Care Club","South Ayrshire","22/01/2024",4,3,4,3,0,14
"1846","Over 3s","Local Authority","Bellsquarry Nursery Class","West Lothian","12/01/2023",5,5,5,5,0,20
"1847","Over 3s","Local Authority","Bo'ness Public Primary School, Early Learning and Childcare Class","Falkirk","13/12/2022",4,5,5,5,0,19
"1848","Under 3s","Local Authority","Parkhill Early Learning and Childcare Centre","Falkirk","31/10/2018",5,5,4,5,0,19
"1849","Under 3s","Local Authority","Clovenfords Primary School Nursery","Scottish Borders","13/12/2022",5,5,4,5,0,19
"1850","Under 3s","Local Authority","Gordon Primary School Nursery - Gordon","Scottish Borders","27/02/2018",4,4,4,5,0,17
"1851","Over 3s","Voluntary or Not for Profit","Forthview Out of School Provision","City of Edinburgh","04/05/2017",6,6,6,6,0,24
"1852","Over 3s","Voluntary or Not for Profit","Pirniehall and St David's Out of School Provision","City of Edinburgh","19/12/2023",4,4,3,4,0,15
"1853","Over 3s","Local Authority","Condorrat Primary School Nursery Class","North Lanarkshire","13/11/2018",5,4,5,4,0,18
"1854","Over 3s","Local Authority","Echline Primary School Nursery Class","City of Edinburgh","18/11/2019",4,5,5,4,0,18
"1855","Over 3s","Local Authority","St. Peter's Primary School Nursery - Galashiels","Scottish Borders","12/10/2017",5,5,5,5,0,20
"1856","Under 3s","Voluntary or Not for Profit","Summerston Childcare Limited","Glasgow City","05/06/2019",5,4,5,4,0,18
"1857","Over 3s","Local Authority","Rochsolloch Primary Nursery Class","North Lanarkshire","03/08/2020",5,5,5,5,0,20
"1858","Over 3s","Local Authority","Rosslyn Out of School Club","Fife","21/12/2023",5,5,4,5,0,19
"1859","Under 3s","Voluntary or Not for Profit","Mount Esk Family Learning Centre","Midlothian","13/07/2018",5,5,5,5,0,20
"1860","Under 3s","Private","Summers Nursery @ Burghmuir Drive","Aberdeenshire","05/03/2019",4,4,5,4,0,17
"1861","Over 3s","Local Authority","Oakbank Kids Club","Perth & Kinross","29/01/2019",6,5,5,6,0,22
"1862","Under 3s","Private","RAF Lossiemouth Childcare Centre","Moray","09/09/2019",5,5,5,5,0,20
"1863","Over 3s","Local Authority","Riverside Kids Club","Perth & Kinross","10/06/2019",5,4,4,5,0,18
"1864","Over 3s","Local Authority","Whalsay School Nursery","Shetland Islands","05/07/2024",4,4,4,4,0,16
"1865","Over 3s","Local Authority","Kelty Out of School Club","Fife","17/09/2019",5,5,4,5,0,19
"1866","Under 3s","Private","Fas Mor","Highland","26/10/2021",5,5,5,5,0,20
"1867","Under 3s","Private","Leaps and Bounds Nursery","Renfrewshire","10/05/2021",5,5,5,5,0,20
"1868","Over 3s","Local Authority","Craigour Park Primary School Nursery Class","City of Edinburgh","21/12/2023",4,4,5,4,0,17
"1869","Over 3s","Local Authority","Liberton Primary School Nursery Class","City of Edinburgh","11/01/2019",5,4,4,5,0,18
"1870","Over 3s","Local Authority","Sound Nursery","Shetland Islands","24/08/2022",5,4,5,4,0,18
"1871","Under 3s","Private","Abbeymill Childcare Ltd","Renfrewshire","02/07/2019",4,4,4,4,0,16
"1872","Over 3s","Local Authority","Mosspark Primary School Nursery Class","Glasgow City","17/12/2018",4,4,5,5,0,18
"1873","Over 3s","Local Authority","Our Lady of the Rosary Primary School Nursery Class","Glasgow City","11/12/2017",5,5,5,5,0,20
"1874","Over 3s","Local Authority","Craigton Primary School Nursery Class","Glasgow City","05/02/2024",4,4,4,4,0,16
"1875","Over 3s","Private","The Poppy Club","Stirling","28/02/2020",4,4,4,4,0,16
"1876","Under 3s","Private","Thrive Childcare and Education Happitots Cumbernauld","North Lanarkshire","27/03/2024",4,5,5,4,0,18
"1877","Under 3s","Private","Bright Sparks","City of Edinburgh","10/03/2023",4,4,4,4,0,16
"1878","Under 3s","Private","Stepping Stones Nurseries (Peterhead) Ltd","Aberdeenshire","15/05/2024",4,4,4,4,1,16
"1879","Under 3s","Private","Tree House Early Care and Education Centre","Aberdeen City","14/11/2019",4,4,4,4,0,16
"1880","Over 3s","Local Authority","Livingston Village Primary School Nursery Class","West Lothian","21/05/2018",4,5,4,5,0,18
"1881","Under 3s","Private","Heron House Early Years Crookston","Glasgow City","27/11/2018",5,5,4,5,0,19
"1882","Over 3s","Voluntary or Not for Profit","Kingfisher Club - Woodpecker House","West Lothian","09/01/2023",4,4,4,4,0,16
"1883","Over 3s","Local Authority","Linlithgow Bridge Nursery Class","West Lothian","22/05/2024",5,5,5,4,0,19
"1884","Under 3s","Private","Kinderhouse","Dumfries & Galloway","20/12/2018",4,4,4,4,0,16
"1885","Over 3s","Local Authority","St. Mary's Primary School Nursery Class (Haddington)","East Lothian","02/03/2020",5,4,4,5,0,18
"1886","Over 3s","Private","MACS St Joseph's","East Renfrewshire","10/02/2020",4,5,5,5,0,19
"1887","Under 3s","Local Authority","Papa Westray School Nursery","Orkney Islands","15/01/2018",5,5,5,5,0,20
"1888","Over 3s","Voluntary or Not for Profit","Livingston Village Out of School Club","West Lothian","15/05/2018",5,5,5,5,0,20
"1889","Under 3s","Private","Hyde 'N' Seek Nursery - Kinning Park Business Centre","Glasgow City","21/09/2021",4,4,4,4,0,16
"1890","Over 3s","Local Authority","Farr High Nursery","Highland","09/08/2017",5,5,5,5,0,20
"1891","Over 3s","Local Authority","Pathhead Out of School Club","Fife","10/01/2024",4,4,3,4,0,15
"1892","Over 3s","Local Authority","Invergowrie Kids Club","Perth & Kinross","08/10/2018",5,5,5,5,0,20
"1893","Under 3s","Private","Bruce Nursery","Aberdeen City","10/04/2024",3,4,3,3,0,13
"1894","Over 3s","Local Authority","Woodland View Playscheme","East Dunbartonshire","14/09/2022",5,5,4,5,0,19
"1895","Over 3s","Local Authority","Limekilns Out of School Club","Fife","05/02/2024",4,4,3,4,0,15
"1896","Under 3s","Private","Busy Bees @ Kelvin","Glasgow City","26/01/2024",4,5,4,4,0,17
"1897","Over 3s","Local Authority","Mossvale Early Learning and Childcare Class","Renfrewshire","13/09/2021",4,4,4,4,0,16
"1898","Under 3s","Private","Technotots Childcare Ltd.","South Lanarkshire","16/06/2020",4,4,5,5,0,18
"1899","Under 3s","Local Authority","Foula Nursery 2-5 years","Shetland Islands","30/03/2018",5,5,5,5,0,20
"1900","Under 3s","Private","First Steps Nursery - Nairn","Highland","29/09/2022",5,5,4,4,0,18
"1901","Under 3s","Local Authority","Fife Council Mobile Creche Services","Fife","23/09/2019",4,5,5,5,0,19
"1902","Over 3s","Local Authority","Balmullo Out of School Club","Fife","19/12/2018",5,5,5,5,0,20
"1903","Over 3s","Local Authority","Commercial Out of School Club","Fife","09/04/2019",4,4,4,4,0,16
"1904","Under 3s","Local Authority","South Ayrshire Sessional Childcare Service","South Ayrshire","08/02/2019",4,4,4,4,0,16
"1905","Over 3s","Local Authority","Shortroods O.S.C","Renfrewshire","20/12/2019",5,4,5,4,0,18
"1906","Over 3s","Local Authority","Ferguslie After School Care","Renfrewshire","23/06/2022",4,4,4,4,0,16
"1907","Over 3s","Local Authority","Pitcoudie Out of School Club","Fife","03/07/2024",4,5,4,5,0,18
"1908","Under 3s","Private","Ark Childcare Ltd","Moray","11/07/2024",3,4,3,3,1,13
"1909","Under 3s","Voluntary or Not for Profit","Bridges Pre-school Nursery - Arnhall","Aberdeenshire","16/11/2022",4,4,4,4,0,16
"1910","Under 3s","Private","Cherrytrees Children's Nursery - Dunbar","East Lothian","28/08/2024",3,4,3,3,0,13
"1911","Over 3s","Local Authority","Moorfoot Nursery Class","Inverclyde","21/08/2018",4,4,4,4,0,16
"1912","Over 3s","Private","Momags Kids Club at Kirklandneuk","Renfrewshire","27/02/2020",5,5,5,5,0,20
"1913","Under 3s","Private","Forward Steps Nursery","Glasgow City","08/01/2020",5,5,4,5,0,19
"1914","Over 3s","Local Authority","Cunningsburgh Early Years","Shetland Islands","20/03/2019",4,5,5,5,0,19
"1915","Under 3s","Private","Kirktonholme @ Newton Mearns","East Renfrewshire","24/01/2019",5,4,4,5,0,18
"1916","Over 3s","Private","Garioch Sports Centre Out of School Club","Aberdeenshire","29/09/2022",4,4,4,4,0,16
"1917","Over 3s","Local Authority","Canisbay Rainbow Nursery","Highland","17/06/2022",5,5,4,5,0,19
"1918","Over 3s","Voluntary or Not for Profit","Muirfield Out of School Club","Aberdeen City","01/02/2018",4,5,4,5,0,18
"1919","Over 3s","Local Authority","Caskieberran Out of School Club","Fife","15/01/2024",4,4,3,3,0,14
"1920","Over 3s","Local Authority","Plockton Primary School Nursery - GM","Highland","19/06/2024",3,2,3,3,0,11
"1921","Over 3s","Private","Kidzcare Ltd @ Fox Covert","City of Edinburgh","08/12/2022",4,4,4,4,0,16
"1922","Under 3s","Private","Step by Step Private Nursery (Maryhill)","Glasgow City","02/06/2022",4,4,4,4,0,16
"1923","Over 3s","Local Authority","Viewlands Kids Club","Perth & Kinross","04/07/2024",4,4,4,4,0,16
"1924","Over 3s","Local Authority","Abernethy Primary School Nursery","Highland","28/01/2019",4,4,4,4,0,16
"1925","Under 3s","Local Authority","Treetop Family Nurture Centre","Fife","20/06/2024",4,3,4,4,0,15
"1926","Over 3s","Local Authority","Craiglockhart Primary School Nursery Class","City of Edinburgh","13/06/2017",5,5,5,5,0,20
"1927","Under 3s","Private","Hyde 'N' Seek Nursery - Bridgeton","Glasgow City","23/04/2019",5,4,5,4,0,18
"1928","Under 3s","Private","Bradshaw Early Years Centre","North Ayrshire","25/10/2019",5,5,4,5,0,19
"1929","Over 3s","Local Authority","Balmullo Primary School Nursery","Fife","16/12/2021",4,4,4,4,0,16
"1930","Over 3s","Local Authority","St Leonards Primary School Nursery","Fife","21/02/2024",4,5,5,4,0,18
"1931","Over 3s","Voluntary or Not for Profit","The Glasgow Academy - Milngavie After School Care","East Dunbartonshire","03/06/2019",5,5,5,5,0,20
"1932","Over 3s","Voluntary or Not for Profit","The Glasgow Academy - Kelvinbridge After School Care","Glasgow City","14/11/2019",5,5,5,5,0,20
"1933","Under 3s","Private","Thrive Childcare and Education, Corner House Nursery Banchory","Aberdeenshire","20/12/2019",4,4,4,4,0,16
"1934","Under 3s","Local Authority","Leith Academy Community Nursery","City of Edinburgh","19/06/2024",3,4,4,4,0,15
"1935","Over 3s","Voluntary or Not for Profit","Kilsyth Children's Club","North Lanarkshire","18/05/2018",5,5,5,5,0,20
"1936","Under 3s","Local Authority","Drummond Community High School Creche","City of Edinburgh","12/12/2017",5,4,4,4,0,17
"1937","Over 3s","Voluntary or Not for Profit","Cockenzie Out of School Club","East Lothian","30/04/2024",5,5,5,5,0,20
"1938","Under 3s","Private","Argyle Bridge Children's Nursery","East Lothian","14/01/2020",5,4,5,5,0,19
"1939","Over 3s","Local Authority","Lochnell Pre Five Nursery Unit","Argyll & Bute","23/04/2024",4,4,4,4,0,16
"1940","Over 3s","Voluntary or Not for Profit","Aboyne After School Club","Aberdeenshire","07/12/2023",4,4,4,4,0,16
"1941","Under 3s","Local Authority","Southcraig Early Years Centre","South Ayrshire","01/05/2019",5,6,5,6,0,22
"1942","Over 3s","Private","Clydesdale After School Care - Motherwell","North Lanarkshire","20/03/2019",4,5,4,5,0,18
"1943","Over 3s","Private","St. Aloysius Out of School Care","Glasgow City","29/08/2019",5,5,5,5,0,20
"1944","Over 3s","Private","Primary Playcare - Orchardhill","East Renfrewshire","12/08/2019",4,4,4,5,0,17
"1945","Over 3s","Private","Primary Playcare - Woodfarm","East Renfrewshire","19/12/2023",4,5,5,5,0,19
"1946","Under 3s","Local Authority","Saint Paul's Nursery Centre","South Lanarkshire","05/12/2023",4,4,4,4,0,16
"1947","Over 3s","Private","MACS Mearns","East Renfrewshire","26/08/2020",5,4,6,5,0,20
"1948","Under 3s","Local Authority","Richard Stewart Family Learning Centre","North Lanarkshire","11/01/2022",4,4,4,4,0,16
"1949","Under 3s","Private","First Class Day Nursery","Aberdeenshire","31/07/2023",3,4,3,4,0,14
"1950","Under 3s","Private","Pinocchio's Nursery - Penicuik","Midlothian","30/09/2021",4,4,4,4,1,16
"1951","Under 3s","Private","Malory Day Nursery","Dumfries & Galloway","12/10/2020",4,4,5,4,0,17
"1952","Under 3s","Private","Cosmic Coppers","Glasgow City","14/09/2021",5,5,5,5,0,20
"1953","Under 3s","Private","Little Hawthorn Loanhead","Midlothian","04/12/2023",3,5,4,4,0,16
"1954","Over 3s","Local Authority","Southwood Out of School Club","Fife","13/05/2024",4,5,4,5,0,18
"1955","Under 3s","Private","Little Angels Nursery - Dingwall","Highland","19/11/2021",5,5,5,5,0,20
"1956","Under 3s","Private","Wee Gems Ltd","West Lothian","14/05/2024",4,4,4,4,4,16
"1957","Over 3s","Voluntary or Not for Profit","Angus Special Playscheme - Youth Scheme","Angus","23/08/2019",4,5,5,5,0,19
"1958","Under 3s","Private","Little Me","Glasgow City","01/05/2024",4,4,4,4,1,16
"1959","Over 3s","Local Authority","Castleview School Nursery Class","Stirling","01/11/2022",5,4,5,5,0,19
"1960","Over 3s","Local Authority","Symington After School Club","South Ayrshire","23/04/2019",5,5,5,6,0,21
"1961","Under 3s","Private","Bright Horizons@Gogarburn","City of Edinburgh","26/02/2020",4,5,4,4,0,17
"1962","Under 3s","Private","Sparklers Private Nursery","Dumfries & Galloway","21/02/2018",4,5,5,5,0,19
"1963","Over 3s","Private","Chatterbox Childcare Ltd","Renfrewshire","03/08/2017",5,4,4,5,0,18
"1964","Under 3s","Private","Little Flowers Nursery","Renfrewshire","02/04/2024",4,4,4,4,2,16
"1965","Over 3s","Private","Karemore West End Out of School Club","Glasgow City","07/08/2019",5,5,5,5,0,20
"1966","Over 3s","Voluntary or Not for Profit","Fernielea Out of School Club","Aberdeen City","07/05/2024",4,4,3,3,0,14
"1967","Over 3s","Private","Sikeside & Carnbroe Out of School Club","North Lanarkshire","30/06/2023",4,4,4,4,0,16
"1968","Over 3s","Voluntary or Not for Profit","The Glasgow Academy - Newlands Nursery","Glasgow City","14/11/2022",5,5,6,6,0,22
"1969","Under 3s","Private","Little Monkeys @ Craiglockhart","City of Edinburgh","24/05/2023",4,4,4,4,0,16
"1970","Over 3s","Voluntary or Not for Profit","Connect 2 Out of School Care (Haghill)","Glasgow City","01/05/2018",5,5,5,6,0,21
"1971","Under 3s","Private","Peek-a-Boo Nursery Markinch","Fife","03/04/2018",5,5,5,5,0,20
"1972","Under 3s","Private","Little Beehive Nursery (Newport-on-Tay) Limited","Fife","14/06/2022",5,5,4,4,0,18
"1973","Under 3s","Private","Viewpark Montessori Nursery School","North Lanarkshire","09/03/2022",5,4,5,5,0,19
"1974","Under 3s","Private","Daisychain Nursery","Fife","16/06/2023",4,4,4,4,2,16
"1975","Under 3s","Voluntary or Not for Profit","Paradykes Family Learning Centre","Midlothian","11/07/2019",5,5,5,5,0,20
"1976","Over 3s","Local Authority","Port Charlotte Primary Pre Five Unit","Argyll & Bute","20/10/2017",5,4,4,5,0,18
"1977","Under 3s","Voluntary or Not for Profit","The Cottage Family Centre Creche","Fife","21/01/2020",5,5,5,5,0,20
"1978","Under 3s","Local Authority","St. Dominic's Nursery Class and Wrap Around Care","Perth & Kinross","18/07/2018",5,4,4,5,0,18
"1979","Over 3s","Local Authority","Luncarty Nursery Class and Wrap Around Care","Perth & Kinross","19/01/2023",5,5,4,5,0,19
"1980","Under 3s","Local Authority","Braidburn School","City of Edinburgh","11/01/2018",5,5,4,5,0,19
"1981","Over 3s","Local Authority","Auchinloch Primary School Nursery Class","North Lanarkshire","06/12/2023",4,5,4,5,0,18
"1982","Under 3s","Local Authority","Castlebay Primary Nursery","Na h-Eileanan Siar","25/05/2023",3,4,4,4,0,15
"1983","Over 3s","Local Authority","Lawhead Out of School Club","Fife","31/05/2019",4,4,4,4,0,16
"1984","Under 3s","Private","Orchard Grove Nursery","Renfrewshire","30/06/2023",4,4,4,4,0,16
"1985","Under 3s","Private","Thrive Childcare and Education Happitots Erskine","Renfrewshire","19/07/2024",4,4,3,3,1,14
"1986","Over 3s","Private","Steel Rings Centre","Renfrewshire","15/08/2018",5,5,5,5,0,20
"1987","Under 3s","Voluntary or Not for Profit","Allsorts Childcare Centre","Scottish Borders","28/05/2024",4,4,3,3,0,14
"1988","Over 3s","Local Authority","Bantaskin Primary School Early Learning and Childcare Class","Falkirk","02/02/2023",5,5,5,4,0,19
"1989","Under 3s","Private","Bright Horizons Annandale Early Learning and Childcare","City of Edinburgh","01/11/2022",4,4,4,4,0,16
"1990","Under 3s","Private","Bright Horizons Morton Mains Early Learning and Childcare","City of Edinburgh","11/10/2023",4,4,4,4,0,16
"1991","Under 3s","Private","Cramond Early Learning and Childcare","City of Edinburgh","14/05/2024",4,5,4,5,0,18
"1992","Under 3s","Private","Kirriemuir Nursery","South Lanarkshire","20/11/2023",4,4,4,4,0,16
"1993","Under 3s","Private","Kidzcare @ Grange Loan Nursery","City of Edinburgh","25/04/2019",4,5,5,4,0,18
"1994","Under 3s","Private","Kool Kidz (Scotland) Ltd","Falkirk","17/12/2021",4,4,4,4,0,16
"1995","Over 3s","Voluntary or Not for Profit","Fort Out of School Care Provision","City of Edinburgh","25/10/2017",5,4,5,4,0,18
"1996","Under 3s","Private","Kidzcare@Norwood House","City of Edinburgh","19/09/2023",4,4,5,4,0,17
"1997","Under 3s","Private","Leaps & Bounds Day Care Nursery","City of Edinburgh","25/09/2018",5,5,5,5,0,20
"1998","Over 3s","Voluntary or Not for Profit","Milltimber Out of School Club","Aberdeen City","19/10/2023",4,4,4,4,0,16
"1999","Under 3s","Voluntary or Not for Profit","Rainbow Days","Moray","05/12/2023",5,5,4,4,0,18
"2000","Under 3s","Private","First Class Nursery","West Lothian","02/08/2022",4,4,4,4,0,16
"2001","Under 3s","Local Authority","Hill of Banchory School Nursery","Aberdeenshire","28/02/2023",5,4,4,5,0,18
"2002","Under 3s","Private","Busy Bees @ Ayr","South Ayrshire","05/10/2021",5,4,4,4,0,17
"2003","Over 3s","Local Authority","St. Gabriel's Primary School Nursery","East Lothian","28/03/2019",4,4,4,4,0,16
"2004","Under 3s","Local Authority","Sgoil Araich nan Loch","Na h-Eileanan Siar","16/08/2024",3,4,4,4,0,15
"2005","Under 3s","Local Authority","Sgoil Araich Thunga","Na h-Eileanan Siar","13/02/2023",4,4,4,4,0,16
"2006","Under 3s","Private","First Class Childcare","Fife","16/05/2023",4,4,4,4,0,16
"2007","Under 3s","Local Authority","Laburnum Family Learning Centre","North Lanarkshire","14/01/2020",5,6,6,6,0,23
"2008","Under 3s","Private","Daisychain Nursery","Fife","13/11/2023",4,4,4,4,0,16
"2009","Over 3s","Local Authority","Lochgelly Out of School Club","Fife","16/03/2023",4,5,4,4,0,17
"2010","Under 3s","Private","Bridges Pre-school Nursery - Silverburn","Aberdeen City","11/10/2022",5,4,5,4,0,18
"2011","Over 3s","Voluntary or Not for Profit","Stoneyhill After School Club","East Lothian","20/06/2024",3,3,3,3,0,12
"2012","Over 3s","Voluntary or Not for Profit","Wallyford After School Club","East Lothian","11/01/2024",4,4,3,3,0,14
"2013","Over 3s","Voluntary or Not for Profit","Cumbernauld YMCA Archibald Russell Centre (POMP) OSC","Falkirk","15/04/2024",4,4,3,4,0,15
"2014","Under 3s","Local Authority","Lasswade High School Childcare Service (Nursery)","Midlothian","24/02/2023",4,4,4,4,0,16
"2015","Under 3s","Private","The Station House Nursery","South Lanarkshire","01/06/2021",4,4,4,4,0,16
"2016","Over 3s","Local Authority","Crossgates Out Of School Club","Fife","09/10/2023",4,4,3,4,0,15
"2017","Over 3s","Private","Happy Feet Kool Kidz Zone Bothwell","South Lanarkshire","07/12/2020",4,4,4,4,0,16
"2018","Over 3s","Local Authority","Honeywell Nursery Class","North Lanarkshire","14/07/2023",4,4,4,4,0,16
"2019","Under 3s","Private","Summers Nursery @ Victoria Street","Aberdeen City","04/03/2019",5,5,5,5,0,20
"2020","Under 3s","Local Authority","Craignish Primary Pre Five Unit","Argyll & Bute","29/08/2019",5,5,5,5,0,20
"2021","Under 3s","Private","Cairellot Nursery Ltd","Renfrewshire","17/09/2021",5,6,5,6,0,22
"2022","Under 3s","Local Authority","McCready Family Centre","East Renfrewshire","29/04/2019",6,6,4,4,0,20
"2023","Under 3s","Private","Les Enfants Nursery","Highland","17/01/2022",5,4,4,5,0,18
"2024","Under 3s","Private","3 Bears Nursery - Renfrew","Renfrewshire","11/04/2022",4,4,4,4,1,16
"2025","Under 3s","Voluntary or Not for Profit","Rise and Shine (Dundee International Women's Centre)","Dundee City","08/11/2019",4,4,4,5,0,17
"2026","Under 3s","Private","Pear Tree Nurseries Ltd","East Lothian","23/07/2024",4,4,4,4,0,16
"2027","Under 3s","Local Authority","Mossbank Wraparound Care","Shetland Islands","15/01/2019",4,4,4,4,0,16
"2028","Under 3s","Private","Papillon Private Nursery ltd","North Lanarkshire","28/05/2019",5,5,5,5,0,20
"2029","Over 3s","Local Authority","St Francis Primary School Nursery Class","Glasgow City","22/07/2019",4,4,5,5,0,18
"2030","Over 3s","Private","Primary Playcare - OLM","East Renfrewshire","01/12/2017",4,5,4,5,0,18
"2031","Under 3s","Private","Edinburgh Montessori Arts School","City of Edinburgh","09/05/2022",5,5,4,5,0,19
"2032","Under 3s","Private","Ankerville Nursery - Alness Ltd","Highland","30/04/2019",6,5,5,5,0,21
"2033","Over 3s","Private","Bridge of Allan Out of School Care","Stirling","13/03/2024",4,5,5,5,0,19
"2034","Over 3s","Voluntary or Not for Profit","Stonehaven After School Club","Aberdeenshire","25/07/2023",4,4,4,4,1,16
"2035","Over 3s","Local Authority","Glasgow Gaelic School Nursery Sgoil Araich Sgoil Ghidhlig","Glasgow City","02/04/2024",5,5,5,5,0,20
"2036","Over 3s","Private","Glasgow Gaelic Out of School Care","Glasgow City","22/11/2021",4,4,5,5,0,18
"2037","Under 3s","Local Authority","Hamilton School For The Deaf Nursery","South Lanarkshire","15/03/2023",4,5,4,5,0,18
"2038","Under 3s","Local Authority","Sgoil Araich an Rubha","Na h-Eileanan Siar","22/08/2022",4,4,5,5,0,18
"2039","Under 3s","Local Authority","Bellrock Nursery School","Glasgow City","14/08/2019",5,5,5,5,0,20
"2040","Under 3s","Local Authority","Laurieston Day Nursery","Glasgow City","13/02/2020",5,5,5,5,0,20
"2041","Over 3s","Local Authority","Kilmaron Special School Nursery","Fife","10/12/2019",5,5,5,5,0,20
"2042","Over 3s","Local Authority","Rosslyn Special School Nursery","Fife","18/01/2018",5,5,4,5,0,19
"2043","Over 3s","Voluntary or Not for Profit","Kintore Playgroup","Aberdeenshire","03/04/2024",4,4,3,4,0,15
"2044","Over 3s","Private","Jennyswell OSC - Todholm","Renfrewshire","15/03/2023",4,4,4,4,0,16
"2045","Under 3s","Local Authority","Bridge of Weir Early Learning and Childcare Class","Renfrewshire","03/01/2024",5,5,5,5,0,20
"2046","Under 3s","Private","Rowan Tree Nursery","Glasgow City","05/08/2022",4,4,4,4,0,16
"2047","Over 3s","Local Authority","Islesburgh Out of School Care Service","Shetland Islands","15/12/2023",4,4,3,4,0,15
"2048","Under 3s","Private","Cherry Tree Pre School Nursery","Aberdeenshire","18/01/2022",5,5,4,5,0,19
"2049","Under 3s","Local Authority","Rothienorman School Nursery","Aberdeenshire","07/06/2023",4,5,4,4,0,17
"2050","Over 3s","Voluntary or Not for Profit","Gingerbread-St Cuthbert's ASC","City of Edinburgh","20/02/2024",4,3,3,4,0,14
"2051","Over 3s","Private","Kidzcare@Duddingston","City of Edinburgh","19/12/2023",4,5,5,4,0,18
"2052","Over 3s","Local Authority","Carlibar Nursery and PSADU","East Renfrewshire","08/12/2017",5,6,5,5,0,21
"2053","Under 3s","Private","Red Squirrel Nursery","Dundee City","10/11/2023",3,3,3,3,0,12
"2054","Under 3s","Private","Calderbank Nursery","Dumfries & Galloway","06/01/2023",4,5,4,4,0,17
"2055","Under 3s","Private","Nursery Times At The Park","South Lanarkshire","13/06/2024",5,5,5,5,0,20
"2056","Over 3s","Local Authority","Bathgate Early Years Service","West Lothian","27/08/2024",4,4,3,3,0,14
"2057","Under 3s","Local Authority","Calderside Nursery Centre","South Lanarkshire","09/01/2024",4,4,4,4,1,16
"2058","Over 3s","Private","Kidzcare@Parsons Green","City of Edinburgh","01/11/2018",4,4,4,4,0,16
"2059","Over 3s","Local Authority","Carlibar Communication Centre - Playscheme","East Renfrewshire","22/09/2017",5,4,4,5,0,18
"2060","Under 3s","Voluntary or Not for Profit","Dr Bell's Family Centre","City of Edinburgh","07/11/2023",4,5,5,5,0,19
"2061","Under 3s","Local Authority","Tower View Nursery","Glasgow City","07/12/2022",5,5,6,6,0,22
"2062","Over 3s","Private","The Geilston Hall After School Club","Argyll & Bute","02/08/2023",4,5,4,5,0,18
"2063","Under 3s","Private","Poppies Pre-School Ltd","Aberdeenshire","05/05/2023",6,6,6,6,1,24
"2064","Under 3s","Private","Gylemuir Community Playgroup","City of Edinburgh","08/01/2024",4,4,3,4,0,15
"2065","Under 3s","Local Authority","Croftcroighn Nursery","Glasgow City","17/01/2024",4,5,4,4,0,17
"2066","Over 3s","Local Authority","Portree (Gaelic) Nursery","Highland","25/01/2024",4,5,4,4,0,17
"2067","Under 3s","Local Authority","Drumchapel Early Years Centre","Glasgow City","13/12/2018",4,5,4,4,0,17
"2068","Under 3s","Private","Healthy Steps Organic Nursery","Glasgow City","09/09/2020",4,5,5,5,0,19
"2069","Under 3s","Private","My Little Fishes Nursery","Glasgow City","14/05/2019",5,5,6,5,0,21
"2070","Over 3s","Local Authority","Machrie Nursery School","Glasgow City","20/06/2019",5,5,4,5,1,19
"2071","Over 3s","Local Authority","Kilmacolm Primary School Nursery","Inverclyde","16/04/2018",4,4,5,5,0,18
"2072","Over 3s","Local Authority","Wormit Out Of School Club","Fife","09/05/2023",4,4,4,4,0,16
"2073","Over 3s","Local Authority","Ness Out of School Care Service","Shetland Islands","11/02/2019",4,5,5,4,0,18
"2074","Under 3s","Private","Old Doune Road Nursery Limited","Stirling","21/08/2019",5,5,6,5,0,21
"2075","Over 3s","Local Authority","Mill O'Forest School Nursery","Aberdeenshire","26/03/2024",5,5,4,5,0,19
"2076","Over 3s","Local Authority","Kinnoull Kids Club","Perth & Kinross","16/01/2024",4,5,4,5,0,18
"2077","Under 3s","Private","Kirkliston Orchard Nursery","City of Edinburgh","16/01/2020",5,5,4,5,0,19
"2078","Under 3s","Local Authority","Acredyke Nursery School","Glasgow City","18/10/2019",5,5,6,6,0,22
"2079","Under 3s","Local Authority","Family Centre - Merkinch","Highland","18/06/2024",5,6,5,5,0,21
"2080","Over 3s","Local Authority","Lairhillock School Nursery","Aberdeenshire","23/08/2018",5,5,4,4,0,18
"2081","Under 3s","Private","Rosemount Little Rascals Limited","Angus","14/10/2021",4,4,4,4,0,16
"2082","Under 3s","Voluntary or Not for Profit","Edzell Nursery Ltd","City of Edinburgh","09/05/2024",5,5,4,4,0,18
"2083","Over 3s","Local Authority","Masterton Out of School Club","Fife","06/01/2022",5,5,4,5,0,19
"2084","Over 3s","Local Authority","Merkinch Early Learning and Childcare Centre","Highland","29/06/2023",4,4,5,4,0,17
"2085","Under 3s","Local Authority","Hillhead Nursery Centre","East Dunbartonshire","25/04/2024",5,4,4,3,0,16
"2086","Under 3s","Local Authority","Auchenblae School Nursery","Aberdeenshire","19/04/2023",5,4,5,4,0,18
"2087","Over 3s","Private","Clydesdale After School Care (Wishaw)","North Lanarkshire","31/07/2018",5,5,5,5,0,20
"2088","Under 3s","Voluntary or Not for Profit","Upstairs Kids Klub","South Lanarkshire","26/08/2024",4,4,4,4,0,16
"2089","Over 3s","Local Authority","Strathallan Out of School Club","Fife","19/09/2023",4,4,3,4,0,15
"2090","Over 3s","Local Authority","Strathallan Primary School Nursery","Fife","21/01/2019",5,5,5,5,0,20
"2091","Under 3s","Private","Scallywags Children's Nursery","Angus","02/03/2023",4,5,5,5,0,19
"2092","Over 3s","Local Authority","Carron Primary School Nursery Class","Falkirk","11/07/2017",5,5,5,5,0,20
"2093","Over 3s","Local Authority","Nethermains Primary School Nursery Class","Falkirk","18/01/2023",4,4,4,4,0,16
"2094","Over 3s","Voluntary or Not for Profit","TASC - St Clare's","Glasgow City","18/05/2018",5,5,5,5,0,20
"2095","Under 3s","Private","Babes in the wood","Aberdeenshire","17/08/2023",5,4,5,5,0,19
"2096","Under 3s","Private","Orchard Park Nursery","East Renfrewshire","20/02/2023",4,4,4,4,0,16
"2097","Under 3s","Local Authority","Sgoil Araich an Oib","Na h-Eileanan Siar","27/05/2019",5,5,5,5,0,20
"2098","Over 3s","Local Authority","Resolis Primary School Nursery","Highland","24/11/2023",4,5,3,4,0,16
"2099","Under 3s","Voluntary or Not for Profit","MaxPlay2","Dumfries & Galloway","22/08/2019",4,4,5,4,0,17
"2100","Under 3s","Private","Keith Play Centre Nursery & Rising 3's Group","Moray","08/07/2021",4,4,4,4,0,16
"2101","Under 3s","Voluntary or Not for Profit","Mid Annandale Playcare","Dumfries & Galloway","18/09/2019",4,4,4,4,0,16
"2102","Under 3s","Private","Happy Days - Bishopbriggs","East Dunbartonshire","30/08/2024",3,5,4,4,0,16
"2103","Under 3s","Private","Sparklers Private Nursery Ltd","Dumfries & Galloway","31/10/2023",3,3,4,3,0,13
"2104","Under 3s","Voluntary or Not for Profit","Community Central Hall - Happy Days Nursery","Glasgow City","17/07/2024",4,5,5,4,0,18
"2105","Over 3s","Voluntary or Not for Profit","Community Central Hall - Safe Til Six","Glasgow City","08/01/2019",4,5,4,5,0,18
"2106","Under 3s","Local Authority","St. Patrick's Family Learning Centre","North Lanarkshire","18/10/2019",5,5,4,5,0,19
"2107","Over 3s","Local Authority","St. Ignatius Primary School Nursery Class","North Lanarkshire","28/03/2024",6,6,3,3,0,18
"2108","Over 3s","Local Authority","Inshes Primary School Nursery","Highland","30/10/2023",4,3,4,4,0,15
"2109","Over 3s","Local Authority","Bun-sgoil Ghaidhlig Inbhir Nis","Highland","16/01/2023",5,5,5,5,0,20
"2110","Under 3s","Private","The Barnehage Nursery  & Out of School Care","South Lanarkshire","09/01/2023",4,4,4,4,0,16
"2111","Over 3s","Local Authority","Culbokie Primary School Nursery","Highland","27/06/2024",4,5,3,4,0,16
"2112","Under 3s","Private","Carrick Nursery","Glasgow City","06/09/2022",4,5,5,5,1,19
"2113","Under 3s","Private","Cherrytrees Nursery","City of Edinburgh","19/04/2024",4,4,4,4,0,16
"2114","Over 3s","Voluntary or Not for Profit","Connect 2 Out of School Care (Dalmarnock)","Glasgow City","12/02/2020",4,5,5,5,0,19
"2115","Over 3s","Voluntary or Not for Profit","Connect 2 Out of School Care (Carntyne)","Glasgow City","03/08/2022",4,5,5,5,0,19
"2116","Over 3s","Voluntary or Not for Profit","Connect 2 Out of School Care (Riddrie)","Glasgow City","04/09/2019",5,5,5,5,0,20
"2117","Under 3s","Local Authority","Green Trees Nursery","Glasgow City","27/05/2021",4,4,4,4,0,16
"2118","Under 3s","Voluntary or Not for Profit","TASK Childcare Services Ltd.","Glasgow City","02/10/2019",5,5,5,6,0,21
"2119","Under 3s","Private","Hyde 'n' Seek On The Green","Glasgow City","30/01/2020",4,4,5,4,1,17
"2120","Over 3s","Private","North East Circle, Garrowhill OSC","Glasgow City","14/11/2019",4,4,6,5,0,19
"2121","Over 3s","Private","North East Circle, St. Bridgets OSC","Glasgow City","10/09/2020",5,5,4,5,0,19
"2122","Over 3s","Voluntary or Not for Profit","Tictacs Two After School Service","Glasgow City","26/04/2022",4,4,4,4,0,16
"2123","Over 3s","Local Authority","St. Brides Primary School Nursery","Highland","27/04/2017",5,5,4,5,0,19
"2124","Under 3s","Private","Carli's Kindergarten Ltd","Renfrewshire","02/12/2021",4,5,4,5,1,18
"2125","Under 3s","Voluntary or Not for Profit","Bonnyrigg Playgroup","Midlothian","19/07/2023",4,5,4,4,0,17
"2126","Under 3s","Local Authority","Holy Cross Primary School Nursery Class","North Lanarkshire","06/03/2024",5,5,5,5,0,20
"2127","Under 3s","Private","Thrive Childcare and Education Kirkintilloch Nature Kindergarten","East Dunbartonshire","30/08/2023",3,4,4,4,1,15
"2128","Over 3s","Voluntary or Not for Profit","Dalmuir Out of School Care Group","West Dunbartonshire","12/01/2023",4,5,5,5,0,19
"2129","Under 3s","Voluntary or Not for Profit","Arniston Playgroup - Gorebridge","Midlothian","25/02/2020",4,5,4,5,0,18
"2130","Under 3s","Private","Lochview Nursery","North Lanarkshire","11/12/2023",5,5,4,5,0,19
"2131","Over 3s","Local Authority","Whitehills Pre School Class","Angus","17/04/2024",5,5,4,5,0,19
"2132","Under 3s","Local Authority","Castlemilk Family Learning Centre","Glasgow City","27/11/2018",6,5,5,6,0,22
"2133","Over 3s","Local Authority","Windygoul Primary School Nursery Class","East Lothian","14/02/2018",4,4,4,5,0,17
"2134","Over 3s","Voluntary or Not for Profit","TASC - Antonine","Glasgow City","14/02/2018",5,5,4,5,0,19
"2135","Over 3s","Voluntary or Not for Profit","Go Kids Kinnaird","Falkirk","30/11/2017",4,4,4,5,0,17
"2136","Under 3s","Private","Kidology","Inverclyde","29/08/2022",4,4,4,4,0,16
"2137","Over 3s","Local Authority","Duloch Out of School Club","Fife","03/12/2018",4,5,5,5,0,19
"2138","Under 3s","Local Authority","Garnock Community Campus","North Ayrshire","14/02/2019",5,4,4,4,0,17
"2139","Over 3s","Private","Bishopbriggs Out of School Care - Meadowburn Primary","East Dunbartonshire","13/03/2023",4,5,4,5,0,18
"2140","Over 3s","Private","Bishopbriggs Out of School Care Wester Cleddens Primary and St. Matthew's Primary","East Dunbartonshire","27/03/2023",5,5,4,5,0,19
"2141","Over 3s","Private","Bishopbriggs Out of School Care - Thomas Muir Primary","East Dunbartonshire","13/03/2023",5,5,4,5,0,19
"2142","Over 3s","Local Authority","Duloch Primary School Nursery","Fife","05/05/2023",4,4,5,4,0,17
"2143","Over 3s","Local Authority","Oaklands School Nursery Class","City of Edinburgh","30/11/2018",5,5,5,6,0,21
"2144","Over 3s","Voluntary or Not for Profit","LASC Childcare Services Ltd (Ramsay)","Midlothian","18/03/2019",5,5,6,5,1,21
"2145","Under 3s","Local Authority","Hazelwood School","Glasgow City","21/12/2018",6,5,5,5,0,21
"2146","Under 3s","Private","Cothrom Og","Na h-Eileanan Siar","28/05/2024",3,4,4,4,0,15
"2147","Under 3s","Voluntary or Not for Profit","Southside Daycare","Glasgow City","27/10/2023",4,3,3,4,0,14
"2148","Over 3s","Local Authority","Westercraigs Nursery School","Glasgow City","03/03/2020",6,5,5,5,0,21
"2149","Over 3s","Local Authority","Simpson Primary School Nursery Class","West Lothian","19/09/2023",3,3,3,3,0,12
"2150","Over 3s","Local Authority","Canal View Primary School Nursery Class","City of Edinburgh","27/02/2020",4,6,5,5,0,20
"2151","Over 3s","Local Authority","Pentland Primary School Nursery Class","City of Edinburgh","26/03/2019",6,5,5,6,0,22
"2152","Over 3s","Voluntary or Not for Profit","Lothian Autistic Society Edinburgh Daycare","City of Edinburgh","07/08/2024",4,4,3,4,0,15
"2153","Under 3s","Voluntary or Not for Profit","V.I.P. Childcare - Moray","Moray","29/10/2021",6,6,5,5,0,22
"2154","Over 3s","Local Authority","Kinnaird Waters Early Learning and Childcare Centre","Falkirk","13/06/2022",5,4,5,5,0,19
"2155","Over 3s","Private","Lainshaw Lions","East Ayrshire","19/07/2023",4,4,4,4,0,16
"2156","Under 3s","Private","Walker Street Nursery","City of Edinburgh","06/03/2024",4,4,4,4,0,16
"2157","Over 3s","Local Authority","Cawdor Early Learning and Childcare","Highland","17/01/2020",4,5,5,4,0,18
"2158","Under 3s","Local Authority","Mulbuie Nursery","Highland","06/01/2020",5,5,4,5,0,19
"2159","Over 3s","Voluntary or Not for Profit","Tranent Out of School Club (Windygoul)","East Lothian","09/11/2017",5,5,6,5,0,21
"2160","Over 3s","Local Authority","Burnside Pre-School Class","Angus","21/02/2024",5,5,5,5,0,20
"2161","Over 3s","Local Authority","Woodlands Pre-School Class","Angus","23/09/2019",5,5,5,5,0,20
"2162","Over 3s","Local Authority","Rockfield Primary Pre Five Unit.","Argyll & Bute","14/03/2019",5,4,4,5,0,18
"2163","Over 3s","Local Authority","Rothesay Primary Pre Five Unit","Argyll & Bute","03/05/2019",4,5,5,5,0,19
"2164","Over 3s","Local Authority","Stobhill Primary School Nursery","Midlothian","23/06/2020",4,5,5,4,0,18
"2165","Over 3s","Local Authority","Moorfoot Primary School Nursery","Midlothian","08/10/2019",5,5,5,5,0,20
"2166","Over 3s","Local Authority","Loanhead Primary School Nursery","Midlothian","12/06/2018",4,4,4,5,0,17
"2167","Over 3s","Local Authority","Strathesk Primary School Nursery","Midlothian","14/09/2020",4,4,4,4,0,16
"2168","Over 3s","Local Authority","Tynewater Primary School Nursery","Midlothian","26/03/2024",4,4,4,4,0,16
"2169","Over 3s","Local Authority","Gorebridge Primary School Nursery","Midlothian","04/02/2020",4,4,4,4,0,16
"2170","Over 3s","Local Authority","Lamlash Primary School Nursery Class","North Ayrshire","20/12/2023",5,5,5,5,0,20
"2171","Over 3s","Private","Carmunnock ASC","Glasgow City","09/01/2023",5,5,5,5,0,20
"2172","Under 3s","Private","Little Scholars Day Nursery","Dundee City","21/06/2021",5,5,5,5,0,20
"2173","Over 3s","Local Authority","Thistle Grove Nursery Class","Dumfries & Galloway","12/09/2017",4,4,4,4,0,16
"2174","Over 3s","Private","Spring Oscars @ Pentland","City of Edinburgh","05/10/2023",3,3,3,3,0,12
"2175","Under 3s","Local Authority","Woodlands Nursery Centre","South Lanarkshire","11/07/2023",4,4,4,4,0,16
"2176","Over 3s","Voluntary or Not for Profit","Indigo Childcare@ St Bartholomew's Primary School","Glasgow City","22/12/2017",5,5,4,5,0,19
"2177","Over 3s","Private","North East Circle, Caledonia Primary OSC","Glasgow City","19/04/2023",4,4,4,4,0,16
"2178","Over 3s","Local Authority","Auchtermuchty Out of School Club","Fife","10/05/2023",4,4,4,4,0,16
"2179","Over 3s","Local Authority","Muirhead Care Club","South Ayrshire","21/06/2019",4,5,5,4,0,18
"2180","Over 3s","Private","Forehill After School Club Ltd","South Ayrshire","09/08/2017",5,5,5,5,0,20
"2181","Over 3s","Private","Hamilton College After Care","South Lanarkshire","25/07/2018",6,5,4,4,0,19
"2182","Over 3s","Local Authority","Currie Primary School Nursery Class","City of Edinburgh","28/06/2024",4,5,4,5,0,18
"2183","Over 3s","Local Authority","Lawfield Primary School","Midlothian","14/06/2018",5,5,4,4,0,18
"2184","Under 3s","Private","The Wendyhouse Children's Nursery","Angus","14/06/2024",4,4,4,4,0,16
"2185","Over 3s","Private","The Wendyhouse OOSC","Angus","06/10/2023",4,4,3,3,1,14
"2186","Over 3s","Local Authority","Stepps Primary School Nursery Class","North Lanarkshire","03/11/2017",5,5,5,5,0,20
"2187","Under 3s","Private","Little Beehive Nursery (Angus) Limited","Angus","04/04/2024",5,5,5,5,0,20
"2188","Over 3s","Local Authority","Lochgilphead Primary Pre Five Unit","Argyll & Bute","04/09/2020",4,4,5,4,0,17
"2189","Under 3s","Local Authority","Sgoil Araich Loch a Tuath","Na h-Eileanan Siar","19/04/2023",4,4,4,4,0,16
"2190","Over 3s","Local Authority","St. Kevin's Primary School Nursery Class","North Lanarkshire","08/03/2024",5,6,5,5,0,21
"2191","Over 3s","Local Authority","Balmedie School Nursery","Aberdeenshire","23/05/2024",4,4,4,4,0,16
"2192","Under 3s","Voluntary or Not for Profit","Indigo Early Years Service @ 29 Dunagoil Road","Glasgow City","23/08/2024",5,5,5,5,1,20
"2193","Under 3s","Private","Balgillo Nursery School","Dundee City","29/07/2024",4,4,4,4,0,16
"2194","Over 3s","Voluntary or Not for Profit","Puffin Care Services: Crookston Castle Primary","Glasgow City","22/01/2019",5,4,4,5,0,18
"2195","Under 3s","Voluntary or Not for Profit","Indigo Childcare @ Castleton Primary School","Glasgow City","24/01/2024",4,5,5,5,0,19
"2196","Under 3s","Voluntary or Not for Profit","St. Roch's Childcare (Charles Street)","Glasgow City","23/12/2021",5,5,5,4,0,19
"2197","Under 3s","Private","Arnhall Nursery","Stirling","18/08/2023",4,4,4,4,0,16
"2198","Under 3s","Private","Links Nursery Balmedie","Aberdeenshire","19/08/2024",4,4,4,4,1,16
"2199","Over 3s","Local Authority","Inverkip Nursery Class","Inverclyde","01/11/2023",4,5,4,4,0,17
"2200","Under 3s","Private","Thrive Childcare and Education Dunblane Nature Kindergarten","Stirling","19/06/2024",4,4,4,4,0,16
"2201","Over 3s","Local Authority","Elrick School Nursery","Aberdeenshire","21/12/2022",5,5,5,5,0,20
"2202","Under 3s","Private","Headstart Nursery School at Leith","City of Edinburgh","13/07/2023",4,4,4,3,1,15
"2203","Over 3s","Local Authority","Inverkeithing Out of School Club","Fife","27/06/2023",4,4,4,4,0,16
"2204","Under 3s","Local Authority","Calaiswood School Nursery","Fife","13/12/2018",6,6,6,6,0,24
"2205","Under 3s","Private","Hame fae Hame Ltd","Shetland Islands","20/01/2020",4,4,5,5,0,18
"2206","Over 3s","Voluntary or Not for Profit","Lochgilphead After School Club","Argyll & Bute","03/11/2021",4,4,4,4,0,16
"2207","Over 3s","Local Authority","Duntarvie Pre School Assessment & Development Centre","Glasgow City","12/02/2018",5,5,6,5,0,21
"2208","Under 3s","Voluntary or Not for Profit","Alford Pre-School","Aberdeenshire","17/04/2024",4,4,4,4,0,16
"2209","Under 3s","Private","Mulberry Kindergarten","Glasgow City","21/06/2023",4,3,4,4,1,15
"2210","Over 3s","Voluntary or Not for Profit","PEACE St. Andrews","East Ayrshire","03/04/2018",4,4,5,5,0,18
"2211","Under 3s","Private","The Flying Start Nursery","Clackmannanshire","20/03/2023",5,5,5,5,0,20
"2212","Under 3s","Private","Playmates Playgroup","Midlothian","09/01/2020",5,5,5,5,0,20
"2213","Under 3s","Private","Happy Days Nursery","Dundee City","31/07/2023",5,4,4,5,0,18
"2214","Over 3s","Private","Spring Oscars @ Haddington","East Lothian","08/09/2020",4,4,4,4,0,16
"2215","Over 3s","Local Authority","Aberdour Out of School Club","Fife","13/06/2024",4,5,5,5,0,19
"2216","Over 3s","Local Authority","Newark Nursery","Inverclyde","27/11/2017",5,4,5,4,0,18
"2217","Over 3s","Private","Clepie Kids Out of School Care Club","Dundee City","05/02/2024",4,4,3,4,0,15
"2218","Over 3s","Local Authority","Juniper Green Primary School Nursery Class","City of Edinburgh","18/02/2019",6,5,6,5,0,22
"2219","Under 3s","Private","Jigsaw Childcare","City of Edinburgh","11/10/2019",4,4,4,4,0,16
"2220","Over 3s","Private","Crazy Capers - Bushes","Renfrewshire","11/07/2024",4,4,4,4,0,16
"2221","Over 3s","Local Authority","Our Lady of Peace Early Learning and Childcare Class","Renfrewshire","14/11/2022",5,5,5,5,0,20
"2222","Under 3s","Private","The Croft Nurseries Ltd","Aberdeenshire","14/09/2022",4,4,4,4,0,16
"2223","Over 3s","Local Authority","Eastfield Primary School Nursery Class","North Lanarkshire","28/04/2023",5,5,4,4,0,18
"2224","Over 3s","Local Authority","Alloway Early Years Centre","South Ayrshire","10/08/2023",4,5,5,4,0,18
"2225","Under 3s","Private","Buttons & Bows Nursery","Glasgow City","06/08/2024",4,5,4,5,0,18
"2226","Over 3s","Local Authority","Drakies Primary School Nursery","Highland","02/11/2022",5,5,4,5,0,19
"2227","Under 3s","Private","Pinocchio's Children's Nursery - Gilmerton","City of Edinburgh","15/07/2021",4,4,4,4,1,16
"2228","Under 3s","Private","Sinclair Nursery","Glasgow City","01/09/2023",3,4,4,3,0,14
"2229","Under 3s","Voluntary or Not for Profit","The Secret Garden Outdoor Nursery","Fife","13/06/2023",5,5,5,5,0,20
"2230","Over 3s","Local Authority","Addiewell Early Years Centre","West Lothian","21/03/2023",5,5,5,5,0,20
"2231","Under 3s","Private","Treetops Too","North Ayrshire","24/10/2023",3,4,4,4,1,15
"2232","Over 3s","Local Authority","Moffat Early Years Campus","City of Edinburgh","27/06/2023",4,4,4,4,0,16
"2233","Under 3s","Private","Musselburgh Private Nursery","East Lothian","08/08/2023",4,4,4,4,0,16
"2234","Over 3s","Local Authority","St. Patrick's Primary School Nursery","Falkirk","31/05/2016",5,5,5,5,0,20
"2235","Under 3s","Private","Early Steps Nursery","West Lothian","12/04/2024",4,4,4,4,0,16
"2236","Over 3s","Private","St. Fillan's Out of School Care","Glasgow City","15/07/2024",5,5,5,5,1,20
"2237","Over 3s","Voluntary or Not for Profit","Tranent Out of School Club","East Lothian","11/04/2018",4,5,4,4,0,17
"2238","Under 3s","Private","Alltots Nursery","Glasgow City","20/11/2018",5,5,6,5,0,21
"2239","Under 3s","Private","Cherrytrees - Hawick","Scottish Borders","06/05/2024",3,3,3,3,0,12
"2240","Under 3s","Private","Hop, Skip & Jump Nursery","Moray","28/08/2024",3,3,2,3,0,11
"2241","Under 3s","Local Authority","Crookston Early Years Centre","Glasgow City","23/04/2024",4,4,4,4,3,16
"2242","Under 3s","Private","The Wendy House","Perth & Kinross","30/10/2019",5,5,4,5,0,19
"2243","Under 3s","Private","Cabbage Patch Nursery","North Lanarkshire","30/10/2018",5,4,4,5,0,18
"2244","Under 3s","Private","Cheeky Monkeys","Perth & Kinross","30/06/2023",4,4,4,4,0,16
"2245","Over 3s","Private","CK Childcare","Renfrewshire","09/01/2023",5,4,4,4,0,17
"2246","Over 3s","Local Authority","Westpark School Nursery","Aberdeen City","11/12/2018",5,5,5,5,0,20
"2247","Under 3s","Private","Thrive Childcare and Education Happitots Cove Bay","Aberdeen City","08/08/2024",2,2,2,2,0,8
"2248","Under 3s","Local Authority","Sanderson's Wynd Primary School (Nursery Class and Wraparound)","East Lothian","13/01/2022",4,4,4,4,0,16
"2249","Under 3s","Voluntary or Not for Profit","Tom Thumb Nursery and Playgroup Ltd","City of Edinburgh","28/10/2019",5,5,4,5,0,19
"2250","Under 3s","Local Authority","Lochgoilhead Primary Pre Five Unit","Argyll & Bute","10/01/2020",4,4,5,5,1,18
"2251","Under 3s","Local Authority","Sgoil Araich an Taobh Siar","Na h-Eileanan Siar","06/02/2019",6,4,4,4,0,18
"2252","Under 3s","Private","Windmill Nursery","North Lanarkshire","16/11/2022",4,4,4,4,0,16
"2253","Over 3s","Private","Happy Days Out of School Care","East Dunbartonshire","29/08/2019",5,5,4,5,0,19
"2254","Under 3s","Private","Rocking Horse Nursery","City of Edinburgh","30/11/2023",4,4,4,3,0,15
"2255","Under 3s","Local Authority","Sgoil Araich Bhaile a Mhanaich","Na h-Eileanan Siar","25/06/2024",6,5,5,5,0,21
"2256","Over 3s","Local Authority","Lunnasting Nursery","Shetland Islands","15/01/2019",5,5,5,5,0,20
"2257","Under 3s","Private","Clyde Valley Kindergarten","South Lanarkshire","02/10/2019",5,5,5,5,0,20
"2258","Under 3s","Local Authority","Beechwood Nursery School","Glasgow City","07/12/2018",5,5,6,5,0,21
"2259","Over 3s","Private","Wonder Weans Playcare","City of Edinburgh","27/02/2017",5,4,4,4,0,17
"2260","Under 3s","Private","Rainbow Bright Childcare","Dundee City","12/07/2024",1,2,2,1,2,6
"2261","Under 3s","Private","Abbey Nursery","Renfrewshire","05/04/2024",3,3,3,3,0,12
"2262","Over 3s","Voluntary or Not for Profit","The Glasgow Academy Nursery and Kindergarten, Kelvinbridge","Glasgow City","18/05/2023",6,5,5,6,0,22
"2263","Under 3s","Private","Children's Hour Nursery","West Dunbartonshire","01/02/2023",4,5,5,5,0,19
"2264","Under 3s","Private","J. Puddleducks @ Victoria Street","Aberdeen City","25/06/2024",4,3,4,3,0,14
"2265","Over 3s","Voluntary or Not for Profit","Law Out of School Club","East Lothian","12/01/2021",5,5,5,5,0,20
"2266","Under 3s","Private","Currie Children's Day Nursery","City of Edinburgh","08/02/2024",4,4,4,4,0,16
"2267","Under 3s","Private","Jaybees (Childcare) Limited","Dumfries & Galloway","06/05/2019",5,5,5,5,0,20
"2268","Under 3s","Private","Les Enfants Nursery (Inshes)","Highland","27/08/2024",3,3,3,3,0,12
"2269","Under 3s","Private","Kidz World Nursery Ltd","Clackmannanshire","02/05/2023",5,4,4,4,0,17
"2270","Under 3s","Private","Lauriston Nursery","Fife","18/10/2022",4,5,5,4,1,18
"2271","Over 3s","Voluntary or Not for Profit","Time Out Club, Clober","East Dunbartonshire","19/06/2019",5,4,5,4,0,18
"2272","Under 3s","Private","Jigsaw Nurseries","City of Edinburgh","06/01/2022",4,4,4,4,0,16
"2273","Over 3s","Local Authority","Cairneyhill Out of School Club","Fife","22/12/2017",4,5,4,4,0,17
"2274","Under 3s","Private","Kirktonholme @ Coatbridge","North Lanarkshire","25/10/2022",4,4,4,4,1,16
"2275","Under 3s","Private","Thrive Childcare and Education Happitots South Lanarkshire College","South Lanarkshire","09/08/2024",5,5,5,4,1,19
"2276","Under 3s","Private","Kiddieshack Nursery","North Lanarkshire","27/05/2024",4,4,4,4,0,16
"2277","Under 3s","Private","Arbor Green Nursery","City of Edinburgh","06/06/2024",5,5,5,5,0,20
"2278","Under 3s","Private","Busy Bee's Childcare","Moray","31/01/2022",4,4,4,4,0,16
"2279","Over 3s","Voluntary or Not for Profit","Airyhall Out of School Club","Aberdeen City","25/09/2019",4,4,4,4,0,16
"2280","Over 3s","Private","Strathblane Out of School Care Ltd","Stirling","25/05/2023",4,5,5,5,0,19
"2281","Under 3s","Private","Mid Gavin Nursery","Renfrewshire","14/12/2023",2,3,3,2,0,10
"2282","Under 3s","Local Authority","Westburn Nursery Centre","South Lanarkshire","14/09/2021",4,4,4,4,0,16
"2283","Under 3s","Private","Stepping Stones Nursery Ellon","Aberdeenshire","09/09/2019",4,4,4,4,0,16
"2284","Under 3s","Private","Stepping Stones Nursery Inverurie","Aberdeenshire","04/09/2023",4,5,4,4,0,17
"2285","Over 3s","Local Authority","St. Andrews Nursery Class","Dumfries & Galloway","11/11/2022",5,5,4,5,0,19
"2286","Under 3s","Private","Hyde 'N' Seek","North Lanarkshire","10/11/2023",5,5,5,5,1,20
"2287","Under 3s","Local Authority","Ruchill Early Years Centre","Glasgow City","05/04/2023",5,5,5,5,1,20
"2288","Under 3s","Private","Nursery Times by The River","West Dunbartonshire","25/06/2021",5,5,5,5,0,20
"2289","Over 3s","Local Authority","Clarkston Primary School Nursery Class","North Lanarkshire","17/06/2019",5,5,5,5,0,20
"2290","Over 3s","Private","Robert Gordon's College After School Club","Aberdeen City","18/12/2018",5,5,4,4,0,18
"2291","Under 3s","Private","Cranston Country Nursery","Midlothian","28/11/2023",4,5,4,4,0,17
"2292","Under 3s","Private","Rainforest Nursery","North Lanarkshire","24/08/2020",4,4,4,4,0,16
"2293","Over 3s","Local Authority","Cambusnethan Primary School Nursery Class","North Lanarkshire","04/02/2019",4,5,4,5,0,18
"2294","Over 3s","Private","Calderwood After School & Holiday Club","South Lanarkshire","20/07/2017",5,5,4,4,0,18
"2295","Under 3s","Local Authority","Young Parents' Support Base Nursery","Glasgow City","23/04/2019",4,6,5,5,0,20
"2296","Under 3s","Private","Woodlands Nursery","Aberdeenshire","26/10/2023",5,5,5,4,0,19
"2297","Over 3s","Voluntary or Not for Profit","ARK Out of School Care","South Lanarkshire","16/05/2019",6,5,4,5,0,20
"2298","Over 3s","Private","Woodland Outdoor Kindergartens - Southside","Glasgow City","17/11/2022",5,4,5,4,2,18
"2299","Over 3s","Local Authority","Play 4 All","Inverclyde","12/01/2024",5,5,4,5,1,19
"2300","Under 3s","Private","Seudan Beaga Limited","Glasgow City","28/08/2024",4,5,4,4,0,17
"2301","Under 3s","Local Authority","St. Brendans Primary School Nursery Class","North Lanarkshire","18/02/2019",5,5,5,5,0,20
"2302","Over 3s","Local Authority","St Patrick's Primary School Nursery Class","North Lanarkshire","09/12/2022",4,4,4,4,1,16
"2303","Under 3s","Private","Links Nursery","East Lothian","03/10/2023",4,5,4,4,0,17
"2304","Under 3s","Private","The City Nursery","City of Edinburgh","27/06/2024",4,4,4,4,0,16
"2305","Over 3s","Voluntary or Not for Profit","Blackhall Nursery","City of Edinburgh","21/05/2018",5,5,5,5,0,20
"2306","Under 3s","Private","Rosemount Nursery School Ltd","Perth & Kinross","13/09/2021",4,5,5,5,0,19
"2307","Over 3s","Local Authority","Stane Primary School Nursery Class","North Lanarkshire","20/06/2023",4,3,4,3,0,14
"2308","Under 3s","Private","Little Scallywags Nursery","Perth & Kinross","14/12/2021",5,5,5,5,0,20
"2309","Over 3s","Private","Drumlithie After School Help (D.A.S.H)","Aberdeenshire","02/04/2024",3,3,2,3,0,11
"2310","Over 3s","Voluntary or Not for Profit","Fintry and Friends Out of School Care","Dundee City","19/04/2019",5,5,5,6,0,21
"2311","Over 3s","Voluntary or Not for Profit","Peelers After School and Holiday Club Limited","West Lothian","05/01/2022",5,5,5,5,0,20
"2312","Under 3s","Local Authority","Sgoil Araich Dhalabroig","Na h-Eileanan Siar","07/05/2024",5,5,5,5,0,20
"2313","Under 3s","Private","Old Station Nursery","Scottish Borders","31/07/2024",2,1,1,1,0,5
"2314","Under 3s","Private","Wee Rascals - A Summers Nursery","Aberdeenshire","12/07/2024",4,5,5,4,2,18
"2315","Over 3s","Private","Smallworld Out of School Care Club","Angus","19/03/2024",5,5,4,5,0,19
"2316","Under 3s","Private","Forbes Childrens Nursery Bruntsfield Place","City of Edinburgh","01/05/2019",5,5,5,5,0,20
"2317","Under 3s","Private","Stepping Stones Nursery","Highland","27/09/2021",5,5,5,5,0,20
"2318","Under 3s","Private","Flowerpots Childcare Ltd.","Aberdeenshire","06/12/2018",5,5,4,5,0,19
"2319","Under 3s","Private","Abbey Nursery Houston","Renfrewshire","03/01/2024",4,4,4,4,0,16
"2320","Under 3s","Private","Peek-a-Boo Nursery Kirkcaldy","Fife","19/07/2024",4,5,4,4,0,17
"2321","Over 3s","Local Authority","Tobermory Pre Five Unit","Argyll & Bute","10/04/2024",3,3,3,3,0,12
"2322","Under 3s","Private","Little Steps Childcare","Perth & Kinross","03/07/2024",5,4,4,4,0,17
"2323","Over 3s","Voluntary or Not for Profit","Longniddry Out of School Club","East Lothian","15/06/2021",4,4,4,4,0,16
"2324","Over 3s","Local Authority","Wallace Hall Nursery","Dumfries & Galloway","08/12/2023",5,5,5,5,0,20
"2325","Under 3s","Private","Scruffs Registered Childcare","Dumfries & Galloway","07/10/2022",4,4,4,4,0,16
"2326","Under 3s","Private","Lucky Little Stars","West Dunbartonshire","15/01/2020",4,4,4,4,0,16
"2327","Under 3s","Private","The Owl & Pussycat Nursery","North Ayrshire","18/08/2022",4,4,4,4,0,16
"2328","Over 3s","Private","Happy Days Out of School Care","North Lanarkshire","07/06/2024",2,3,2,2,1,9
"2329","Under 3s","Voluntary or Not for Profit","Buddies Clubs and Services (Nursery)","Glasgow City","11/12/2018",6,5,5,6,0,22
"2330","Over 3s","Voluntary or Not for Profit","East Linton After School Club","East Lothian","01/09/2021",4,4,4,4,0,16
"2331","Under 3s","Local Authority","Sgoil Araich Uig","Na h-Eileanan Siar","06/11/2018",4,5,5,4,0,18
"2332","Under 3s","Private","Colinton Private Nursery","City of Edinburgh","27/08/2019",4,5,4,5,0,18
"2333","Over 3s","Private","Trinity After School Club","City of Edinburgh","24/10/2017",5,5,5,6,0,21
"2334","Over 3s","Local Authority","Heathhall School Nursery Class","Dumfries & Galloway","05/01/2024",4,5,4,4,0,17
"2335","Over 3s","Voluntary or Not for Profit","Dunard After School Care","Glasgow City","22/05/2017",5,6,5,6,0,22
"2336","Under 3s","Private","Stepping Stones Nursery School","North Lanarkshire","03/10/2019",5,4,5,4,0,18
"2337","Under 3s","Private","Thrive Childcare and Education Happitots Thornliebank","East Renfrewshire","20/02/2024",2,2,2,2,0,8
"2338","Over 3s","Voluntary or Not for Profit","Victoria After School Club","City of Edinburgh","07/11/2017",4,4,4,5,0,17
"2339","Over 3s","Local Authority","Stenhousemuir Nursery Class","Falkirk","02/02/2023",4,4,4,4,0,16
"2340","Under 3s","Private","Play Away Nursery","Glasgow City","12/02/2019",6,5,6,6,0,23
"2341","Under 3s","Private","Bright Starts Nursery","Renfrewshire","01/03/2024",4,4,4,4,0,16
"2342","Over 3s","Voluntary or Not for Profit","Youthzone","City of Edinburgh","13/11/2023",4,3,4,4,0,15
"2343","Over 3s","Voluntary or Not for Profit","Corpus Christi Out of School Service","Glasgow City","28/09/2018",5,5,4,5,0,19
"2344","Under 3s","Private","Summers Nursery @ St Swithin Street","Aberdeen City","06/05/2019",4,5,4,5,0,18
"2345","Under 3s","Voluntary or Not for Profit","Fishbowl Nursery","Fife","24/09/2020",5,5,4,4,0,18
"2346","Over 3s","Local Authority","Beancross Primary School, Early Learning and Childcare Class","Falkirk","16/02/2017",4,4,4,4,0,16
"2347","Under 3s","Local Authority","St Aidan's Primary School Nursery Class","North Lanarkshire","18/03/2024",4,4,5,4,0,17
"2348","Under 3s","Private","First Steps Nursery","Dumfries & Galloway","01/08/2024",4,4,4,4,0,16
"2349","Under 3s","Private","Smiley Stars Nursery - Ibrox","Glasgow City","06/03/2024",5,5,5,5,0,20
"2350","Under 3s","Private","Cardonald Private Nursery","Glasgow City","20/08/2024",4,4,4,4,0,16
"2351","Over 3s","Private","Kidzcare@St. Peter's Primary School","City of Edinburgh","17/04/2018",4,4,4,4,0,16
"2352","Under 3s","Private","Tiny Tots Academy Ltd","North Lanarkshire","20/08/2021",5,5,5,5,0,20
"2353","Over 3s","Private","Kanga Rhu Preschool","Argyll & Bute","10/08/2021",4,4,4,4,0,16
"2354","Under 3s","Private","Kidstore Childcare Limited","North Lanarkshire","18/10/2019",6,4,4,5,0,19
"2355","Under 3s","Private","Butterflies Nursery School","Dundee City","23/03/2023",5,5,5,4,0,19
"2356","Under 3s","Local Authority","Knightswood Early Years Centre","Glasgow City","06/10/2022",5,5,5,5,0,20
"2357","Over 3s","Private","Fun Lodge Out of School Care","Glasgow City","10/02/2023",5,5,5,5,0,20
"2358","Under 3s","Private","Glenview Cottage Nursery","Clackmannanshire","03/08/2022",5,5,5,5,0,20
"2359","Under 3s","Private","Victoria Quay Nursery","City of Edinburgh","22/12/2021",4,4,4,4,0,16
"2360","Over 3s","Local Authority","St. Teresa's Primary School Nursery Class","North Lanarkshire","21/11/2023",4,3,4,3,0,14
"2361","Over 3s","Local Authority","Abronhill Primary Nursery Class","North Lanarkshire","02/02/2024",3,4,4,4,0,15
"2362","Under 3s","Local Authority","Saint Bartholomew's Primary Nursery Class","North Lanarkshire","23/01/2018",4,5,5,5,0,19
"2363","Over 3s","Local Authority","Keir Hardie Memorial Primary Nursery Class","North Lanarkshire","13/03/2023",4,4,4,4,1,16
"2364","Under 3s","Private","Noah's Ark Nursery","North Lanarkshire","10/04/2024",3,3,3,4,0,13
"2365","Under 3s","Private","Whitehirst Park Private Nursery","North Ayrshire","05/07/2024",4,4,4,4,0,16
"2366","Under 3s","Private","Cherry Blossom Nursery School","Dundee City","05/04/2023",5,5,4,4,1,18
"2367","Over 3s","Private","MACS - Scotstoun","Glasgow City","25/04/2022",4,4,4,4,0,16
"2368","Under 3s","Voluntary or Not for Profit","Look Who's Learning Ltd","Glasgow City","12/09/2023",4,5,4,4,0,17
"2369","Over 3s","Voluntary or Not for Profit","The High School of Glasgow Out-of-School Care Club","East Dunbartonshire","26/04/2018",5,5,5,5,0,20
"2370","Under 3s","Private","Wee Gems Livingston Ltd","West Lothian","29/11/2023",4,4,4,4,0,16
"2371","Over 3s","Voluntary or Not for Profit","Simply Play @ Murieston","West Lothian","20/03/2024",4,4,3,3,2,14
"2372","Over 3s","Voluntary or Not for Profit","Simply Play @ East Calder","West Lothian","20/02/2024",4,4,4,4,1,16
"2373","Over 3s","Voluntary or Not for Profit","TRACC Out of School Club","Highland","03/08/2017",5,5,5,5,0,20
"2374","Under 3s","Private","Balgillo Nursery Too","Dundee City","26/08/2024",4,5,5,5,0,19
"2375","Under 3s","Voluntary or Not for Profit","Aberlour Family Support Centre","Falkirk","29/11/2019",5,5,5,5,0,20
"2376","Over 3s","Voluntary or Not for Profit","Aberlour Options - Ayrshire","South Ayrshire","18/06/2024",4,4,4,4,0,16
"2377","Under 3s","Private","The Village Nursery and Out of School Care","Scottish Borders","21/11/2018",5,5,5,5,0,20
"2378","Under 3s","Private","Munro House Nursery and Kindergarten","Glasgow City","20/06/2019",4,4,4,4,0,16
"2379","Under 3s","Private","Thrive Childcare and Education Happitots Greenock","Inverclyde","25/10/2023",4,4,4,4,0,16
"2380","Under 3s","Private","Little Learners","Renfrewshire","10/07/2019",4,4,5,5,0,18
"2381","Under 3s","Private","Happy Feet Nursery and Out of School Club","South Lanarkshire","16/08/2023",4,4,4,4,2,16
"2382","Under 3s","Private","Pride N Joy (Peterhead) Limited","Aberdeenshire","25/01/2023",5,5,5,5,0,20
"2383","Under 3s","Private","Happy Days - Dalkeith","Midlothian","13/06/2024",3,2,3,2,3,10
"2384","Under 3s","Private","Morningside Children's Nursery Ltd","City of Edinburgh","22/08/2018",4,4,4,4,0,16
"2385","Under 3s","Private","Nursery Times","Renfrewshire","13/12/2021",4,4,4,4,0,16
"2386","Over 3s","Voluntary or Not for Profit","The Dash Club","Glasgow City","21/03/2018",5,5,4,4,0,18
"2387","Under 3s","Private","Bright Starts Blantyre","South Lanarkshire","28/08/2023",4,4,4,4,0,16
"2388","Under 3s","Private","Bright Starts Glasgow","Glasgow City","13/08/2024",4,3,4,3,0,14
"2389","Under 3s","Local Authority","Iona Primary Pre Five Unit","Argyll & Bute","24/08/2018",5,5,5,5,0,20
"2390","Over 3s","Voluntary or Not for Profit","Muir of Ord Pre-School Centre","Highland","31/08/2020",4,4,4,5,0,17
"2391","Under 3s","Voluntary or Not for Profit","Nairn Gaelic Playgroup","Highland","11/03/2024",3,4,2,3,0,12
"2392","Under 3s","Voluntary or Not for Profit","Watten Early Learning Centre","Highland","12/11/2018",5,5,5,6,0,21
"2393","Over 3s","Voluntary or Not for Profit","Culbokie Out of School Club","Highland","27/06/2022",5,5,5,5,0,20
"2394","Over 3s","Voluntary or Not for Profit","Drakies Out of School Club","Highland","22/03/2018",4,4,4,5,0,17
"2395","Over 3s","Voluntary or Not for Profit","Kinmylies Out of School Club","Highland","19/04/2023",4,5,4,5,0,18
"2396","Over 3s","Voluntary or Not for Profit","North Kessock Out of School Club","Highland","06/07/2017",4,5,5,4,0,18
"2397","Under 3s","Voluntary or Not for Profit","Cromarty Daycare","Highland","23/04/2024",4,5,4,4,0,17
"2398","Under 3s","Voluntary or Not for Profit","Sutherland Stepping Stones Childrens Centre","Highland","26/08/2019",5,5,5,5,0,20
"2399","Under 3s","Voluntary or Not for Profit","Wimberley Estate Childcare Centre","Highland","14/06/2024",3,3,3,3,0,12
"2400","Over 3s","Voluntary or Not for Profit","St. Crispin's Out of School Care Association","City of Edinburgh","13/12/2018",5,5,5,5,0,20
"2401","Over 3s","Private","Little Flyers @ Ratho","City of Edinburgh","10/01/2019",4,5,4,4,0,17
"2402","Over 3s","Private","Scallywags Daycare","North Ayrshire","02/08/2019",4,4,4,4,0,16
"2403","Under 3s","Voluntary or Not for Profit","Junior World","Highland","13/06/2023",4,4,3,3,0,14
"2404","Over 3s","Private","Spring Oscars @ Blackhall","City of Edinburgh","18/12/2023",3,4,3,3,0,13
"2405","Over 3s","Private","Spring Oscars @ Buckstone","City of Edinburgh","22/02/2024",3,3,3,3,0,12
"2406","Over 3s","Private","Spring Oscars @ St.John's","City of Edinburgh","08/04/2024",3,3,3,3,0,12
"2407","Over 3s","Voluntary or Not for Profit","Smilechildcare Out of Schools Service","City of Edinburgh","21/03/2017",4,4,4,4,0,16
"2408","Under 3s","Private","Little Flyers @ Ingliston","City of Edinburgh","05/08/2024",4,4,3,3,0,14
"2409","Under 3s","Private","Burns Bairns Under 5's Group","East Ayrshire","15/06/2023",3,4,3,3,0,13
"2410","Under 3s","Private","Little Flyers @ Broxburn","West Lothian","10/08/2023",4,4,4,4,0,16
"2411","Over 3s","Private","Towerbank After School Club","City of Edinburgh","05/06/2024",3,3,3,4,0,13
"2412","Under 3s","Local Authority","Larkfield Early Learning Centre","Inverclyde","20/06/2022",4,5,5,4,0,18
"2413","Under 3s","Private","Rivendale Nursery","Renfrewshire","31/07/2024",2,2,2,2,0,8
"2414","Under 3s","Local Authority","Sgoil Araich an Iochdair","Na h-Eileanan Siar","08/10/2019",5,6,5,6,0,22
"2415","Under 3s","Private","Melville Street Nursery","City of Edinburgh","23/01/2019",5,4,4,5,0,18
"2416","Under 3s","Local Authority","Isobel Mair Family Centre","East Renfrewshire","14/11/2019",6,5,5,6,0,22
"2417","Under 3s","Private","Apple Tree Nursery","Perth & Kinross","13/09/2019",4,4,5,4,0,17
"2418","Under 3s","Private","Little People Nursery","Dundee City","30/03/2023",4,4,4,4,0,16
"2419","Under 3s","Private","Banbury Cross Nursery","Aberdeenshire","24/04/2023",5,5,5,5,0,20
"2420","Over 3s","Voluntary or Not for Profit","Cambuslang Out Of School Care Project","South Lanarkshire","04/10/2023",3,4,3,4,0,14
"2421","Over 3s","Local Authority","Carnegie Primary School Nursery","Fife","03/08/2022",5,5,5,5,0,20
"2422","Under 3s","Voluntary or Not for Profit","Kidscene","City of Edinburgh","20/06/2019",6,5,5,5,0,21
"2423","Under 3s","Private","Kirktonholme @ Canniesburn","East Dunbartonshire","20/09/2023",4,3,4,4,0,15
"2424","Under 3s","Voluntary or Not for Profit","Around the World Day Care","City of Edinburgh","17/06/2024",2,2,2,2,0,8
"2425","Under 3s","Local Authority","Colmonell Early Years Centre","South Ayrshire","20/06/2018",5,5,5,5,0,20
"2426","Under 3s","Private","Minnigaff Community Nursery","Dumfries & Galloway","30/06/2020",5,5,4,5,0,19
"2427","Over 3s","Local Authority","Our Lady of Good Aid Cathedral Primary School Nursery Class","North Lanarkshire","07/01/2019",6,6,6,6,0,24
"2428","Over 3s","Local Authority","Kirk O'Shotts Primary School Nursery Class","North Lanarkshire","08/01/2019",5,4,4,5,0,18
"2429","Under 3s","Private","Cosmic Coppers at Merrylee","Glasgow City","04/07/2024",4,5,5,5,1,19
"2430","Under 3s","Private","Hoodles Childcare","Aberdeenshire","10/04/2024",3,4,3,3,1,13
"2431","Over 3s","Local Authority","Milton of Leys Primary School Childcare Service","Highland","10/10/2022",4,4,4,4,0,16
"2432","Under 3s","Private","Sheephouse Nursery","West Lothian","15/08/2019",5,5,5,5,0,20
"2433","Over 3s","Local Authority","Denny Primary School Nursery Class","Falkirk","05/11/2018",5,5,5,5,0,20
"2434","Under 3s","Private","Fernhill School Nursery","South Lanarkshire","14/12/2021",4,4,4,4,0,16
"2435","Over 3s","Voluntary or Not for Profit","Oldmachar Out of School Clubs Ltd","Aberdeen City","09/08/2018",6,6,5,5,0,22
"2436","Under 3s","Private","St. Margarets Nursery & Preschool","City of Edinburgh","24/10/2023",4,4,3,4,2,15
"2437","Over 3s","Private","The Montessori Children's House, St. Andrews Limited","Fife","28/06/2023",5,5,5,5,0,20
"2438","Over 3s","Local Authority","Carnegie Out of School Club","Fife","18/04/2019",4,4,4,4,0,16
"2439","Under 3s","Private","Daisy Day Care","North Lanarkshire","24/08/2022",4,4,5,4,0,17
"2440","Under 3s","Private","Dreams Daycare Limited","Aberdeenshire","14/06/2022",5,5,5,5,0,20
"2441","Over 3s","Local Authority","Orchard Brae Nursery","Aberdeen City","02/10/2023",3,3,3,3,0,12
"2442","Under 3s","Private","Meiklewood Nursery & Out of School Care","Glasgow City","11/04/2024",3,3,3,3,0,12
"2443","Under 3s","Private","Ninewells Nursery","Dundee City","28/01/2020",5,5,5,5,0,20
"2444","Over 3s","Local Authority","St. Lucy's Primary School Nursery Class","North Lanarkshire","05/04/2018",5,4,5,5,0,19
"2445","Under 3s","Private","Little Stars Glasgow","Glasgow City","01/11/2023",3,4,4,4,0,15
"2446","Under 3s","Private","Little Stars Falkirk","Falkirk","17/05/2024",3,3,3,3,0,12
"2447","Under 3s","Private","Little Stars Alloa","Clackmannanshire","06/10/2023",4,3,3,2,2,12
"2448","Under 3s","Private","Little Stars Nursery","Stirling","20/05/2024",3,3,3,2,1,11
"2449","Under 3s","Private","Little Dreams Nursery","Aberdeen City","18/08/2023",4,3,4,3,0,14
"2450","Under 3s","Local Authority","Sgoil Araich Lionail","Na h-Eileanan Siar","25/04/2024",4,4,4,4,0,16
"2451","Under 3s","Private","Barrachnie Nursery","Glasgow City","24/04/2024",4,4,5,4,0,17
"2452","Under 3s","Private","Clever Clogs Childcare Centre","Fife","15/11/2023",4,5,4,4,0,17
"2453","Under 3s","Private","Fenton Barns Nursery","East Lothian","30/06/2023",3,3,3,3,1,12
"2454","Over 3s","Voluntary or Not for Profit","Stramash Outdoor Nursery","Argyll & Bute","10/07/2024",3,4,3,3,0,13
"2455","Over 3s","Voluntary or Not for Profit","Broomhill Out of School Care Association","Glasgow City","27/06/2022",5,5,5,5,0,20
"2456","Under 3s","Local Authority","Sgoil Araich Bhreascleit","Na h-Eileanan Siar","18/02/2019",5,5,5,5,0,20
"2457","Under 3s","Local Authority","Sgoil Araich Shiaboist","Na h-Eileanan Siar","04/03/2019",5,5,5,4,0,19
"2458","Under 3s","Local Authority","Sgoil Araich Lacasdail","Na h-Eileanan Siar","29/10/2019",4,5,5,4,0,18
"2459","Over 3s","Private","Kids Insight","City of Edinburgh","03/12/2019",4,5,5,5,0,19
"2460","Under 3s","Private","Buchanan Park Nursery","North Lanarkshire","07/08/2024",4,4,3,3,0,14
"2461","Over 3s","Voluntary or Not for Profit","Kaimhill Out of School Club","Aberdeen City","12/11/2019",4,4,4,4,0,16
"2462","Under 3s","Private","Appin Nursery & Creche","Fife","08/06/2021",4,4,4,4,0,16
"2463","Under 3s","Private","The Kidz Stop - Linlithgow","West Lothian","08/04/2024",4,4,4,4,0,16
"2464","Over 3s","Local Authority","St. Andrew's Primary School Nursery Class","Falkirk","14/12/2022",4,4,4,5,0,17
"2465","Over 3s","Voluntary or Not for Profit","Tarbert After School Care","Argyll & Bute","19/09/2019",5,4,5,5,0,19
"2466","Under 3s","Private","Aberfoyle Too Dunsinane","Dundee City","15/02/2023",4,5,4,4,0,17
"2467","Under 3s","Private","Riverside Cottage Nursery","West Lothian","16/11/2022",5,5,4,5,0,19
"2468","Under 3s","Private","Primrose Day Nursery","Glasgow City","13/02/2024",4,4,4,4,1,16
"2469","Under 3s","Private","Thrive Childcare and Education Happitots Inverkip","Inverclyde","30/08/2024",4,4,4,4,0,16
"2470","Over 3s","Private","Mayfield Out of School Care","North Ayrshire","10/06/2019",4,5,4,5,0,18
"2471","Under 3s","Private","Little Learners Nursery","City of Edinburgh","11/06/2018",5,4,4,4,0,17
"2472","Under 3s","Private","Tiddlywinks Nursery School","Angus","27/07/2023",4,4,4,4,0,16
"2473","Over 3s","Private","The Playbarn Ltd","South Lanarkshire","09/01/2018",4,4,4,5,0,17
"2474","Under 3s","Local Authority","Sgoil Araich an Tairbeart","Na h-Eileanan Siar","27/02/2024",4,2,2,2,0,10
"2475","Under 3s","Private","Treetops Nursery","North Ayrshire","05/07/2023",3,4,4,4,2,15
"2476","Over 3s","Local Authority","St. Bernadette's Primary School Nursery Class","Falkirk","23/09/2020",5,5,5,5,0,20
"2477","Under 3s","Private","Zetland Nursery (Day Care of Children)","Falkirk","10/01/2024",4,4,4,4,0,16
"2478","Under 3s","Private","The Learning Zone","Glasgow City","17/07/2018",4,4,4,5,0,17
"2479","Under 3s","Voluntary or Not for Profit","Hemat Gryffe Women's Aid - Day Care of Children","Glasgow City","05/12/2023",5,5,5,5,0,20
"2480","Over 3s","Local Authority","Christ the King Primary School Nursery Class","North Lanarkshire","29/05/2023",4,5,5,5,0,19
"2481","Over 3s","Local Authority","St John Paul II Primary School Nursery Class","North Lanarkshire","25/02/2020",4,5,4,5,0,18
"2482","Under 3s","Local Authority","St. Thomas' Primary School Nursery Class","North Lanarkshire","29/05/2018",5,5,5,6,1,21
"2483","Under 3s","Private","Little Monkeys Cramond House","City of Edinburgh","11/10/2019",5,5,5,5,0,20
"2484","Under 3s","Private","Bright Beginnings Nursery","Aberdeenshire","26/07/2019",4,4,4,4,0,16
"2485","Under 3s","Private","Kindergarten Huntly Ltd","Aberdeenshire","14/09/2018",5,4,4,5,0,18
"2486","Under 3s","Private","Childsplay Childrens Nursery Limited","City of Edinburgh","06/08/2019",5,5,4,5,0,19
"2487","Under 3s","Private","Rugrats Private Day Nursery Ltd","Dundee City","13/03/2024",3,4,3,2,0,12
"2488","Under 3s","Voluntary or Not for Profit","Cassiltoun Stables Nursery","Glasgow City","07/03/2024",3,4,4,4,0,15
"2489","Over 3s","Local Authority","Kilchattan Primary Pre Five Unit","Argyll & Bute","05/06/2024",4,5,5,5,0,19
"2490","Under 3s","Private","The Tower Nursery","East Dunbartonshire","01/05/2023",5,5,5,5,0,20
"2491","Under 3s","Private","Rainbow Dreams Day Nursery","Glasgow City","29/09/2023",2,3,3,3,0,11
"2492","Under 3s","Local Authority","Stornoway Childcare Centre","Na h-Eileanan Siar","31/10/2022",5,5,5,5,0,20
"2493","Over 3s","Local Authority","Braidbar Primary School Nursery Class","East Renfrewshire","09/01/2020",5,5,5,5,0,20
"2494","Under 3s","Local Authority","Binnie Street Children's Centre","Inverclyde","12/06/2023",5,5,5,5,0,20
"2495","Under 3s","Private","Railway Cottage Nursery","East Renfrewshire","09/01/2024",3,4,4,3,0,14
"2496","Under 3s","Private","The Pumpkin Patch Nursery (Scotland) Ltd","East Lothian","07/03/2023",4,5,5,4,0,18
"2497","Under 3s","Private","Green Apple Nursery","South Lanarkshire","22/04/2024",4,4,4,4,0,16
"2498","Over 3s","Local Authority","Strachur Primary Pre Five Unit","Argyll & Bute","03/06/2019",4,4,4,4,0,16
"2499","Over 3s","Voluntary or Not for Profit","Indiyouth","Glasgow City","09/08/2018",5,6,6,6,0,23
"2500","Under 3s","Private","Dollar Nursery School","Clackmannanshire","27/06/2024",4,4,5,5,0,18
"2501","Over 3s","Voluntary or Not for Profit","Stoneywood Out of School Club","Aberdeen City","21/01/2019",4,4,4,4,0,16
"2502","Under 3s","Voluntary or Not for Profit","Fochabers Nursery and Out of School","Moray","02/09/2019",5,5,5,5,0,20
"2503","Over 3s","Local Authority","Townhill Out of School Club","Fife","17/04/2024",5,5,5,5,0,20
"2504","Under 3s","Private","Playspaces","Angus","28/10/2022",5,5,5,5,0,20
"2505","Over 3s","Voluntary or Not for Profit","Newtongrange After School Club","Midlothian","06/01/2020",4,4,4,4,0,16
"2506","Over 3s","Voluntary or Not for Profit","Newington Nursery","City of Edinburgh","23/08/2017",5,5,4,5,0,19
"2507","Over 3s","Voluntary or Not for Profit","Rural Rascals Out of School Care","Aberdeenshire","12/06/2024",3,3,2,3,0,11
"2508","Over 3s","Private","Fast @ Gartcosh Out of School Care","North Lanarkshire","05/03/2024",4,4,4,4,0,16
"2509","Under 3s","Private","ACE Place Nursery & Out of School Care - Rodger Drive","South Lanarkshire","10/10/2018",4,4,4,4,0,16
"2510","Under 3s","Private","Start Bright Nursery","City of Edinburgh","30/08/2024",3,4,3,3,1,13
"2511","Over 3s","Private","Bearsden Before and After School Service","East Dunbartonshire","01/03/2024",2,2,2,2,0,8
"2512","Under 3s","Private","Battery Park Nursery","Inverclyde","03/08/2022",4,4,4,4,0,16
"2513","Under 3s","Private","Bright Starts Day Nursery","Fife","21/01/2019",4,5,4,5,0,18
"2514","Under 3s","Voluntary or Not for Profit","Community Playgroups (Bathgate)","West Lothian","06/12/2022",5,5,5,5,0,20
"2515","Under 3s","Private","Liberty Kids","Moray","28/01/2022",4,4,4,4,0,16
"2516","Under 3s","Private","Rosebuds Daycare","Highland","13/08/2024",3,4,3,3,0,13
"2517","Under 3s","Private","Pine Trees Nursery","South Ayrshire","08/03/2023",5,4,4,4,0,17
"2518","Over 3s","Voluntary or Not for Profit","Kids Come First","Fife","20/11/2023",4,5,4,4,0,17
"2519","Under 3s","Private","Cosy Cottage Nursery School","City of Edinburgh","30/08/2023",4,5,5,5,0,19
"2520","Over 3s","Local Authority","Achiltibuie Primary School Nursery","Highland","07/12/2022",5,5,5,5,0,20
"2521","Under 3s","Private","Bright Starts","Stirling","03/04/2019",4,5,5,5,0,19
"2522","Under 3s","Private","Tinies Glasgow - Mobile Creche","East Renfrewshire","14/11/2019",4,4,4,4,0,16
"2523","Over 3s","Local Authority","Drummore Nursery Class","Dumfries & Galloway","16/06/2023",5,5,5,5,0,20
"2524","Over 3s","Voluntary or Not for Profit","Girdle Toll Out of School Care (Ardeer)","North Ayrshire","18/07/2024",4,4,4,4,0,16
"2525","Under 3s","Private","Peek-a-Boo Nursery Leven","Fife","12/02/2024",5,5,5,4,0,19
"2526","Over 3s","Private","Scamps Out of School Clubs Ltd","Aberdeen City","22/08/2022",5,5,4,5,0,19
"2527","Over 3s","Local Authority","Park Primary Family Learning Centre","Argyll & Bute","26/07/2017",5,5,5,5,0,20
"2528","Over 3s","Local Authority","St. Joseph's Primary Family Learning Centre","Argyll & Bute","24/04/2019",5,5,5,5,0,20
"2529","Under 3s","Private","Mulberry Bush Montessori","Stirling","12/10/2020",6,6,5,6,0,23
"2530","Over 3s","Private","Oganan Dhun Eideann","City of Edinburgh","11/03/2024",2,2,2,2,0,8
"2531","Under 3s","Private","Roseangle House","Dundee City","23/02/2024",4,4,3,4,0,15
"2532","Under 3s","Private","Lullaby Lane","East Dunbartonshire","14/12/2023",2,3,3,3,0,11
"2533","Under 3s","Private","Victoria Park Kindergarten","Glasgow City","08/02/2024",3,4,4,4,0,15
"2534","Under 3s","Private","Puddleduck Nursery","Perth & Kinross","07/11/2018",4,5,4,4,0,17
"2535","Under 3s","Private","Innocence Nursery","East Renfrewshire","13/02/2024",4,4,4,4,0,16
"2536","Over 3s","Private","Glencoats Out of School Care","Renfrewshire","08/03/2018",4,4,4,4,0,16
"2537","Under 3s","Private","The Women's Centre Creche","Glasgow City","18/09/2018",4,4,4,4,0,16
"2538","Over 3s","Voluntary or Not for Profit","Wellington Children's Centre","Inverclyde","18/07/2017",5,5,5,5,0,20
"2539","Over 3s","Voluntary or Not for Profit","Wellington Children's Centre - Gourock","Inverclyde","21/12/2022",5,5,4,5,0,19
"2540","Under 3s","Private","Just 4 Kidz","Perth & Kinross","02/07/2021",5,5,5,5,0,20
"2541","Under 3s","Local Authority","Westfield Community Resource Hub","Aberdeenshire","05/04/2018",5,5,4,5,0,19
"2542","Under 3s","Voluntary or Not for Profit","Helping Hands Nursery","Angus","21/06/2023",5,5,5,5,0,20
"2543","Under 3s","Local Authority","Denend Nursery","Fife","24/08/2020",4,5,5,5,0,19
"2544","Under 3s","Private","Little Daisies","North Lanarkshire","17/11/2022",4,4,5,4,0,17
"2545","Over 3s","Local Authority","East End School Nursery","Moray","16/01/2020",5,4,4,4,0,17
"2546","Under 3s","Private","Carebears Childrens Nursery","City of Edinburgh","20/03/2020",5,5,5,5,0,20
"2547","Over 3s","Local Authority","Crookfur Family Centre","East Renfrewshire","19/07/2017",4,4,5,5,0,18
"2548","Over 3s","Voluntary or Not for Profit","Simply Play @ Wester Inch","West Lothian","20/03/2024",4,4,4,4,0,16
"2549","Under 3s","Private","West End Nursery","Glasgow City","16/07/2024",5,5,5,5,0,20
"2550","Under 3s","Voluntary or Not for Profit","Treasure Trove Nursery","Glasgow City","14/06/2019",5,5,5,5,0,20
"2551","Over 3s","Private","High School of Dundee Nursery","Dundee City","19/04/2019",5,5,6,5,0,21
"2552","Under 3s","Private","Balgillo Nursery, Ardler Village","Dundee City","20/05/2024",4,4,4,4,0,16
"2553","Under 3s","Local Authority","Kirkmichael Early Years Centre","South Ayrshire","30/05/2019",5,5,5,5,0,20
"2554","Under 3s","Private","Little Stars Hillington","Renfrewshire","19/06/2018",5,5,5,5,0,20
"2555","Under 3s","Private","Doodlebugs Day Nursery (Aberuthven)","Perth & Kinross","11/07/2023",4,5,3,4,1,16
"2556","Under 3s","Private","Doodlebugs Day Nursery (Bridge of Earn)","Perth & Kinross","29/02/2024",4,4,5,4,0,17
"2557","Under 3s","Private","In Safe Hands","Renfrewshire","12/03/2019",4,4,4,4,0,16
"2558","Under 3s","Private","Great Start Childcare Ltd","West Dunbartonshire","22/09/2021",4,4,4,4,1,16
"2559","Under 3s","Private","Smart Cookies Nursery","Fife","17/07/2024",4,4,4,4,0,16
"2560","Under 3s","Private","Forbes Children's Nursery Greenhill","City of Edinburgh","06/09/2018",6,4,5,6,0,21
"2561","Over 3s","Private","Applebays Afterschool","East Dunbartonshire","17/11/2023",4,4,4,4,0,16
"2562","Over 3s","Voluntary or Not for Profit","Burntisland Out of School Service","Fife","03/08/2022",5,5,5,5,0,20
"2563","Under 3s","Private","Great Western Pre-School @ Great Western Road","Aberdeen City","04/02/2022",5,5,5,5,0,20
"2564","Over 3s","Private","Great Western OOSC @Holburn West","Aberdeen City","25/09/2018",5,5,6,6,0,22
"2565","Under 3s","Private","Great Western Pre-School @ Portlethen 2","Aberdeenshire","18/04/2023",5,5,5,5,0,20
"2566","Under 3s","Private","Great Western Pre-School @ Broomhill","Aberdeen City","05/06/2019",5,5,5,5,0,20
"2567","Under 3s","Private","Great Western Pre-School @ Kingswells","Aberdeen City","30/08/2024",5,4,4,4,0,17
"2568","Under 3s","Private","Great Western Pre-School @ Portlethen","Aberdeenshire","03/03/2020",5,4,5,5,0,19
"2569","Under 3s","Private","Pilrig Children's Nursery","City of Edinburgh","04/07/2024",4,3,4,4,0,15
"2570","Under 3s","Private","The Corstorphine Nursery","City of Edinburgh","14/08/2019",5,5,4,5,0,19
"2571","Under 3s","Voluntary or Not for Profit","LASC Childcare Services Ltd (Rosewell)","Midlothian","06/10/2022",4,4,4,4,1,16
"2572","Under 3s","Private","Bellwood Nursery","North Lanarkshire","12/07/2021",4,4,4,4,0,16
"2573","Over 3s","Private","School's Out - Mount Vernon","Glasgow City","24/01/2020",4,5,4,5,0,18
"2574","Under 3s","Private","Cranley Nursery Buckstone","City of Edinburgh","21/03/2019",4,4,4,4,0,16
"2575","Under 3s","Voluntary or Not for Profit","Methilhill Nature Nursery","Fife","20/06/2023",5,4,4,4,0,17
"2576","Over 3s","Private","Great Western Out of School Club @ Kingswells","Aberdeen City","26/06/2018",5,5,5,5,0,20
"2577","Under 3s","Private","3 Bears - Cambuslang","South Lanarkshire","16/10/2023",4,4,4,4,0,16
"2578","Under 3s","Private","3 Bears @ The Hawthorns","South Lanarkshire","04/07/2024",4,4,4,4,0,16
"2579","Over 3s","Local Authority","Crossford Out of School Club","Fife","03/05/2023",4,4,4,4,0,16
"2580","Under 3s","Private","Monkey Puzzle Glasgow","Glasgow City","10/05/2023",4,4,4,4,0,16
"2581","Over 3s","Voluntary or Not for Profit","Jedburgh Out of School Club","Scottish Borders","17/07/2024",3,3,3,3,0,12
"2582","Under 3s","Voluntary or Not for Profit","ELC Under 3s","City of Edinburgh","17/06/2019",5,4,4,5,0,18
"2583","Over 3s","Private","Spring Oscars @ Carrick Knowe","City of Edinburgh","10/10/2023",3,3,3,3,0,12
"2584","Under 3s","Private","Almond Park Nursery","East Lothian","10/01/2024",4,4,4,4,0,16
"2585","Under 3s","Voluntary or Not for Profit","Stramash Outdoor Nursery, Fort William","Highland","09/09/2021",5,5,5,5,0,20
"2586","Under 3s","Voluntary or Not for Profit","Munlochy Pre-School Centre","Highland","05/03/2020",4,4,5,4,0,17
"2587","Under 3s","Private","The Kindergarten Nursery Limited","Aberdeen City","23/11/2021",4,4,4,4,0,16
"2588","Over 3s","Private","Oscare","East Renfrewshire","08/10/2019",6,4,5,5,0,20
"2589","Over 3s","Private","Clarkston After School Services","East Renfrewshire","09/05/2018",4,5,4,4,0,17
"2590","Under 3s","Private","Fair City Munchkins Day Nursery","Perth & Kinross","26/09/2023",5,5,5,4,0,19
"2591","Over 3s","Voluntary or Not for Profit","Forthill Out of School Club","Dundee City","07/02/2024",5,5,5,5,0,20
"2592","Over 3s","Private","OSCARS","Renfrewshire","21/06/2021",4,4,4,4,0,16
"2593","Over 3s","Voluntary or Not for Profit","ASN Holiday Club","Shetland Islands","05/09/2019",4,5,4,5,0,18
"2594","Over 3s","Private","SocialBall Kids","City of Edinburgh","21/03/2024",3,3,3,3,0,12
"2595","Over 3s","Voluntary or Not for Profit","Play Alloa Children's Play Service","Clackmannanshire","23/08/2023",3,5,4,4,0,16
"2596","Under 3s","Private","Thrive Childcare and Education Dundee Nature Kindergarten","Dundee City","29/08/2024",4,4,4,4,0,16
"2597","Over 3s","Voluntary or Not for Profit","Prestonpans Kids Clubs","East Lothian","21/09/2018",4,4,5,5,0,18
"2598","Over 3s","Private","Stonelaw Preschool Group","South Lanarkshire","20/02/2024",4,5,4,5,0,18
"2599","Over 3s","Local Authority","Struthers Early Years Centre","South Ayrshire","10/01/2019",5,5,4,5,0,19
"2600","Under 3s","Local Authority","Space Place Early Years Centre","South Ayrshire","25/06/2018",5,4,6,5,0,20
"2601","Under 3s","Private","Playbarn Too","Aberdeenshire","12/01/2018",5,5,5,6,0,21
"2602","Over 3s","Voluntary or Not for Profit","Mill of Mains Out of School Care Club","Dundee City","16/08/2024",4,3,2,3,0,12
"2603","Over 3s","Local Authority","John Fergus Out of School Club","Fife","22/08/2023",4,5,4,5,0,18
"2604","Over 3s","Local Authority","Burray Primary School Nursery","Orkney Islands","12/10/2018",5,5,5,5,0,20
"2605","Under 3s","Private","Annie's Nursery","Aberdeenshire","10/06/2024",4,4,3,3,0,14
"2606","Under 3s","Voluntary or Not for Profit","Playtime Early Years (an SCIO)","North Ayrshire","29/05/2019",5,5,5,5,0,20
"2607","Over 3s","Voluntary or Not for Profit","Eastern Primary Schools Out","Dundee City","30/05/2024",5,5,4,4,0,18
"2608","Under 3s","Private","Pride & Joy Nursery Limited","Glasgow City","05/01/2022",5,4,4,4,0,17
"2609","Under 3s","Private","Summerside Kindergarten Limited","City of Edinburgh","11/08/2020",5,4,4,4,0,17
"2610","Under 3s","Private","The Flying Start Nursery","Glasgow City","25/11/2019",4,5,4,4,1,17
"2611","Under 3s","Private","Crossbasket Nursery School","South Lanarkshire","03/05/2021",4,4,4,4,0,16
"2612","Over 3s","Local Authority","Pitreavie Out of School Club","Fife","18/03/2024",3,5,4,4,0,16
"2613","Over 3s","Private","Little Flyers After School Club @ Kirkliston","City of Edinburgh","08/08/2019",4,4,4,4,0,16
"2614","Over 3s","Private","Little Flyers After School Club @ Winchburgh","West Lothian","29/06/2023",4,3,4,4,0,15
"2615","Over 3s","Local Authority","Canmore Out of School Club","Fife","15/01/2024",4,5,4,4,0,17
"2616","Under 3s","Voluntary or Not for Profit","PEACE Childcare Mobile Creche","East Ayrshire","25/09/2020",2,3,2,2,0,9
"2617","Under 3s","Private","Wee Gems Corstorphine Ltd","City of Edinburgh","28/07/2023",4,4,3,4,0,15
"2618","Over 3s","Private","Leaps and Bounds Activities (LBA) Limited - Clermiston","City of Edinburgh","19/04/2017",4,4,4,4,0,16
"2619","Over 3s","Private","LBA After School & Breakfast Club - Craigmount","City of Edinburgh","08/12/2016",4,4,4,4,0,16
"2620","Under 3s","Private","Little Farmer Childcare","Fife","01/02/2024",5,5,4,4,0,18
"2621","Over 3s","Local Authority","St John Ogilvie Early Years Class","North Ayrshire","26/09/2019",5,5,4,5,0,19
"2622","Over 3s","Private","School's Out Peebles","Scottish Borders","29/11/2022",4,4,4,4,0,16
"2623","Over 3s","Private","Bankhead After School Care Service","Glasgow City","21/06/2024",4,4,4,4,0,16
"2624","Under 3s","Private","KingsWellies Nursery","Aberdeen City","07/09/2022",5,5,5,4,0,19
"2625","Under 3s","Voluntary or Not for Profit","Community Playgroups (West Calder)","West Lothian","22/06/2018",4,4,5,5,0,18
"2626","Over 3s","Local Authority","Pitteuchar Out of School Club","Fife","18/06/2018",5,4,4,5,0,18
"2627","Under 3s","Private","Papillon Nursery @ Bellshill","North Lanarkshire","22/08/2023",5,4,4,4,0,17
"2628","Under 3s","Local Authority","Winton Primary School Early Years Class","North Ayrshire","07/06/2023",4,5,4,4,0,17
"2629","Over 3s","Private","St. Margaret's School for Girls After School Care","Aberdeen City","10/01/2020",5,5,5,4,0,19
"2630","Over 3s","Private","Happy Feet Kool Kidz Zone","South Lanarkshire","08/01/2019",5,5,5,5,0,20
"2631","Over 3s","Voluntary or Not for Profit","Barnhill After School Care Club (SCIO)","Dundee City","24/11/2023",3,4,3,4,0,14
"2632","Over 3s","Private","'School's Out' - Bargarran","Renfrewshire","14/08/2019",5,4,4,4,0,17
"2633","Over 3s","Private","'School's Out' - Barsail","Renfrewshire","04/08/2023",4,4,4,4,1,16
"2634","Over 3s","Private","School's Out - St Anne's","Renfrewshire","25/04/2019",5,4,4,4,0,17
"2635","Over 3s","Local Authority","Lochaline Primary School Nursery","Highland","14/01/2020",4,4,4,5,0,17
"2636","Under 3s","Local Authority","Carmyllie Pre School Class","Angus","25/01/2018",5,5,5,5,0,20
"2637","Over 3s","Voluntary or Not for Profit","Erskine Community Nursery - St Anne's","Renfrewshire","13/06/2019",5,4,4,4,0,17
"2638","Over 3s","Voluntary or Not for Profit","Erskine Community Nursery - Bargarran","Renfrewshire","24/04/2019",4,4,4,4,0,16
"2639","Over 3s","Voluntary or Not for Profit","Lauder Out of School Club","Scottish Borders","25/06/2019",5,5,4,4,0,18
"2640","Over 3s","Private","Happy Times Out of School Care Club","Dundee City","02/06/2023",4,4,4,4,0,16
"2641","Over 3s","Local Authority","North Queensferry Out of School Club","Fife","18/02/2019",5,5,4,5,0,19
"2642","Under 3s","Private","Preschool Academy","North Lanarkshire","09/08/2023",4,4,4,3,0,15
"2643","Under 3s","Private","Little Beehive Nursery","Fife","05/04/2023",5,5,5,5,0,20
"2644","Over 3s","Voluntary or Not for Profit","St. Joseph's Out of School Club","Aberdeen City","20/12/2023",3,4,3,3,0,13
"2645","Under 3s","Private","The Croft Nurseries Ltd - Chapelton","Aberdeenshire","02/11/2023",4,4,4,4,0,16
"2646","Under 3s","Private","Little Wonders Nursery","Glasgow City","11/05/2022",4,4,4,4,0,16
"2647","Over 3s","Voluntary or Not for Profit","Heriot Country Kids","Scottish Borders","01/05/2024",4,4,4,4,0,16
"2648","Under 3s","Private","East Beach Nursery","Moray","09/11/2018",5,4,5,5,0,19
"2649","Over 3s","Private","KLAS Care","Renfrewshire","25/10/2018",5,4,4,4,0,17
"2650","Over 3s","Private","Broomhill Out of School Club","Aberdeen City","18/04/2024",4,5,5,4,0,18
"2651","Over 3s","Private","Bishopton After Care Service","Renfrewshire","13/10/2017",4,4,4,4,0,16
"2652","Under 3s","Private","Gracie Drew Private Nursery","Dumfries & Galloway","31/07/2018",4,4,4,4,0,16
"2653","Over 3s","Local Authority","Wardie Primary School Nursery","City of Edinburgh","20/09/2017",5,5,5,5,0,20
"2654","Under 3s","Local Authority","Fox Covert Early Years Centre","City of Edinburgh","29/05/2018",5,6,4,6,0,21
"2655","Under 3s","Voluntary or Not for Profit","Stramash Outdoor Nursery, Elgin","Moray","02/08/2021",4,4,4,5,0,17
"2656","Under 3s","Private","Leaps and Bounds Day Care Kirkliston","City of Edinburgh","08/07/2024",4,3,3,4,0,14
"2657","Under 3s","Private","Thrive Childcare and Education Happitots Robroyston","Glasgow City","12/08/2024",3,3,2,2,0,10
"2658","Under 3s","Private","Happy Days at Hardengreen","Midlothian","06/09/2023",4,4,4,3,0,15
"2659","Under 3s","Private","First Class Early Learning and Childcare","Aberdeen City","08/09/2023",4,5,5,4,0,18
"2660","Over 3s","Voluntary or Not for Profit","Action for Children Therapeutic Activity Clubs - Edinburgh and Lothians","City of Edinburgh","16/05/2017",5,5,5,5,0,20
"2661","Over 3s","Private","Fast @ Duntocher","West Dunbartonshire","01/05/2019",5,4,4,4,0,17
"2662","Under 3s","Private","Bright Sparks Nursery","City of Edinburgh","20/10/2022",4,4,4,4,0,16
"2663","Over 3s","Local Authority","Culross Out of School Club","Fife","28/07/2020",4,4,4,4,0,16
"2664","Over 3s","Voluntary or Not for Profit","Thornwood After School Club","Glasgow City","07/02/2020",4,5,4,5,0,18
"2665","Under 3s","Private","Banana Moon Day Nursery Dyce","Aberdeen City","02/11/2021",4,4,4,4,0,16
"2666","Under 3s","Private","Butterflies Nursery School - Kingsway East","Dundee City","16/08/2023",5,5,5,5,0,20
"2667","Under 3s","Private","Nipperbout Event Childcare","outside Scotland","05/05/2023",5,5,5,5,0,20
"2668","Under 3s","Private","The Bees Knees Nursery","City of Edinburgh","06/06/2024",3,3,3,3,0,12
"2669","Over 3s","Local Authority","Calderbank Primary School Nursery Class","North Lanarkshire","27/02/2024",4,4,4,4,0,16
"2670","Over 3s","Local Authority","St. John's Nursery Class","Inverclyde","11/06/2024",5,5,5,5,0,20
"2671","Over 3s","Voluntary or Not for Profit","West End Out of School Club - Blackness","Dundee City","24/10/2022",4,4,4,4,0,16
"2672","Over 3s","Voluntary or Not for Profit","West End Out of School Club - Glenagnes","Dundee City","12/09/2018",4,4,4,4,0,16
"2673","Under 3s","Private","Paddingtons Nursery","Perth & Kinross","21/08/2024",4,4,4,4,0,16
"2674","Under 3s","Private","Grasshoppers Children's Nursery","East Ayrshire","05/08/2019",4,4,4,4,0,16
"2675","Under 3s","Private","Thrive Teviot House Nursery","City of Edinburgh","10/06/2024",4,3,3,4,0,14
"2676","Under 3s","Private","Thrive Childcare and Education Corner House Nurseries Gillsland","City of Edinburgh","19/01/2024",3,3,3,3,0,12
"2677","Under 3s","Private","Cradlehall Nursery","Highland","27/06/2024",4,4,3,3,1,14
"2678","Over 3s","Private","Woodland Outdoor Kindergartens - West End","Glasgow City","16/05/2023",5,5,5,5,1,20
"2679","Over 3s","Private","Granward After School Club","City of Edinburgh","10/01/2020",4,5,4,5,0,18
"2680","Under 3s","Local Authority","Methven Primary School Nursery","Perth & Kinross","08/11/2018",5,5,5,6,0,21
"2681","Under 3s","Private","Nippers Nursery @ Kirkliston","City of Edinburgh","24/01/2024",4,4,4,4,0,16
"2682","Under 3s","Private","Orchard Grove Kindergarten","Glasgow City","14/02/2019",5,5,5,5,0,20
"2683","Under 3s","Private","Glenbervie Kindergarden Brightons","Falkirk","09/01/2024",4,5,5,4,1,18
"2684","Under 3s","Private","Glenbervie Kindergarden Carrongrove","Falkirk","16/02/2023",5,4,4,4,0,17
"2685","Over 3s","Private","GX Club Larbert Village","Falkirk","27/03/2024",5,5,5,5,0,20
"2686","Over 3s","Voluntary or Not for Profit","Notre Dame Kids Club","Glasgow City","17/01/2024",4,5,4,4,0,17
"2687","Under 3s","Private","Little Flyers @ West Calder","West Lothian","09/04/2024",3,3,3,2,1,11
"2688","Under 3s","Voluntary or Not for Profit","Evergreen Outdoor Nursery","Glasgow City","24/05/2024",5,5,5,4,0,19
"2689","Over 3s","Voluntary or Not for Profit","Kilbarchan Community Nursery","Renfrewshire","09/12/2022",5,5,4,5,0,19
"2690","Over 3s","Private","Kids Insight (Currie)","City of Edinburgh","24/02/2020",5,5,5,5,0,20
"2691","Over 3s","Private","Aberfoyle Out of School Club","Dundee City","16/04/2019",3,3,4,4,0,14
"2692","Under 3s","Private","Marina View Nursery","South Ayrshire","14/09/2023",4,4,4,4,0,16
"2693","Under 3s","Private","ABC Private Nursery Limited","West Lothian","20/08/2019",4,5,5,4,0,18
"2694","Under 3s","Voluntary or Not for Profit","The Indigo Childcare Group at Garrowhill Early Learning Centre","Glasgow City","06/08/2018",5,6,5,5,0,21
"2695","Under 3s","Local Authority","St. Pius Nursery","Dundee City","03/09/2021",4,4,4,4,0,16
"2696","Over 3s","Local Authority","Oakley Out of School Club","Fife","21/05/2024",5,4,3,3,0,15
"2697","Over 3s","Local Authority","Saline Out of School Club","Fife","21/06/2024",5,5,4,4,0,18
"2698","Over 3s","Private","Pollok Afterschool Care Service","Glasgow City","09/08/2024",3,4,3,4,0,14
"2699","Under 3s","Local Authority","Ardrishaig Early Learning and Childcare","Argyll & Bute","26/06/2024",3,4,3,3,0,13
"2700","Under 3s","Private","Thrive Childcare and Education Musselburgh Nature Kindergarten","East Lothian","16/07/2024",4,3,3,3,0,13
"2701","Over 3s","Local Authority","Collydean Out of School Club","Fife","22/02/2024",3,4,4,4,0,15
"2702","Under 3s","Local Authority","Cart Mill Family Centre","East Renfrewshire","12/08/2019",6,5,5,5,0,21
"2703","Under 3s","Voluntary or Not for Profit","Community Playgroups (Armadale)","West Lothian","29/08/2024",4,4,4,4,0,16
"2704","Over 3s","Private","The Playbarn Carluke","South Lanarkshire","19/09/2019",4,4,5,5,0,18
"2705","Under 3s","Private","Oakwell Children's Nursery","West Lothian","02/05/2024",5,5,5,4,0,19
"2706","Under 3s","Voluntary or Not for Profit","Community Playgroups (Crofthead Hickory House)","West Lothian","29/07/2024",3,5,4,5,0,17
"2707","Under 3s","Private","Tip Toes Children's Nursery Ltd","Falkirk","02/08/2023",4,4,4,4,0,16
"2708","Under 3s","Private","The Broomhill Nursery (Aberdeen) Limited @ Cults","Aberdeen City","16/06/2020",5,5,5,5,0,20
"2709","Under 3s","Private","The Broomhill Nursery (Aberdeen) Limited @ Fonthill","Aberdeen City","22/01/2020",5,5,5,5,0,20
"2710","Over 3s","Private","Studio 2 School's Out Club","West Dunbartonshire","13/01/2023",4,4,4,4,0,16
"2711","Under 3s","Private","Treasure Tots Nursery","Glasgow City","06/05/2024",4,4,4,4,0,16
"2712","Under 3s","Private","Bonnington House Nursery","City of Edinburgh","22/02/2023",4,4,4,4,0,16
"2713","Over 3s","Local Authority","Holy Family Early Learning and Childcare","Aberdeen City","05/03/2020",4,4,4,4,0,16
"2714","Over 3s","Voluntary or Not for Profit","Brimmond Out of School Club","Aberdeen City","15/02/2024",4,4,4,4,0,16
"2715","Under 3s","Private","Curious Minds Education Centre","Moray","19/06/2024",4,4,4,4,0,16
"2716","Under 3s","Private","Busy Bees at Newbyres","Midlothian","13/09/2021",5,5,5,5,0,20
"2717","Under 3s","Voluntary or Not for Profit","Riverside Out of School Care","Stirling","19/02/2020",6,5,5,6,0,22
"2718","Under 3s","Private","Cranley Nursery Lanark Road","City of Edinburgh","16/05/2024",4,4,4,4,0,16
"2719","Over 3s","Voluntary or Not for Profit","Hilltown Out of School Club","Dundee City","04/02/2020",5,5,5,5,1,20
"2720","Under 3s","Voluntary or Not for Profit","West Linton Early Learners and Westies","Scottish Borders","23/10/2019",5,5,5,5,0,20
"2721","Over 3s","Local Authority","Cockburnspath Nursery","Scottish Borders","27/06/2022",4,4,4,4,0,16
"2722","Under 3s","Private","The Red Squirrel Children's Nursery","Perth & Kinross","09/04/2024",4,5,4,4,0,17
"2723","Under 3s","Private","Butterfly Nursery Scotland","Glasgow City","18/06/2019",5,5,5,5,0,20
"2724","Over 3s","Voluntary or Not for Profit","Albyn School After School Club","Aberdeen City","23/02/2024",5,5,4,4,0,18
"2725","Under 3s","Private","Cornerstones Nursery","Perth & Kinross","20/08/2024",4,5,5,5,0,19
"2726","Under 3s","Private","Tannoch Tots Nursery","North Lanarkshire","21/12/2022",4,4,4,4,1,16
"2727","Under 3s","Private","Family Tree Childcare","South Lanarkshire","08/08/2023",3,3,3,4,2,13
"2728","Under 3s","Private","Thrive Childcare and Education Happitots Boddam","Aberdeenshire","08/12/2023",4,4,4,4,0,16
"2729","Over 3s","Voluntary or Not for Profit","LASC Childcare Services Ltd (The Link)","Midlothian","07/06/2023",4,4,4,4,0,16
"2730","Under 3s","Private","Auchinbee Nursery and Out of School Care","North Lanarkshire","22/08/2023",3,4,4,4,0,15
"2731","Under 3s","Private","Scallywags Children's Nursery Loanhead","Midlothian","26/02/2024",4,5,5,5,0,19
"2732","Under 3s","Voluntary or Not for Profit","B.A.S.I.C. and Corner House Nursery","Argyll & Bute","10/06/2019",4,4,4,4,0,16
"2733","Under 3s","Voluntary or Not for Profit","Sunbeams Nursery","Argyll & Bute","09/11/2023",4,4,4,4,0,16
"2734","Over 3s","Voluntary or Not for Profit","Pencaitland After School Club","East Lothian","24/10/2023",4,4,4,4,0,16
"2735","Over 3s","Voluntary or Not for Profit","Gorebridge Out of School Care","Midlothian","11/09/2023",4,4,4,4,0,16
"2736","Over 3s","Private","Insafe Hands (Newmains)","Renfrewshire","11/01/2021",4,4,4,4,0,16
"2737","Over 3s","Private","Hummingbird Out of School Care Limited","Renfrewshire","18/01/2018",4,4,4,4,0,16
"2738","Over 3s","Private","Kids Academy","Aberdeenshire","16/10/2018",4,5,4,5,0,18
"2739","Under 3s","Private","Kidzcare @ Portobello","City of Edinburgh","28/03/2019",4,5,4,4,0,17
"2740","Over 3s","Private","Merrylee Out of School Club","Glasgow City","01/09/2020",5,5,4,5,0,19
"2741","Over 3s","Private","Oganan Ghlaschu","Glasgow City","03/12/2018",4,4,4,5,0,17
"2742","Under 3s","Private","Bright Horizons @ 24 St. Swithin Street","Aberdeen City","03/12/2019",4,5,4,5,1,18
"2743","Under 3s","Private","Bright Horizons Early Learning and Childcare 44 St. Swithin","Aberdeen City","14/07/2020",5,5,5,5,0,20
"2744","Over 3s","Private","Bishopbriggs Out of School Care - Balmuildy Primary","East Dunbartonshire","15/06/2023",4,5,4,5,0,18
"2745","Under 3s","Voluntary or Not for Profit","The Ladybird Development Group","Moray","10/10/2019",6,5,5,5,0,21
"2746","Over 3s","Voluntary or Not for Profit","Gilcomstoun Out of School Club","Aberdeen City","22/02/2018",4,5,4,5,0,18
"2747","Over 3s","Voluntary or Not for Profit","Ardvreck Nursery","Perth & Kinross","07/10/2022",5,4,4,4,0,17
"2748","Over 3s","Voluntary or Not for Profit","Stow Kids Club","Scottish Borders","28/08/2017",4,4,4,4,0,16
"2749","Under 3s","Private","Craighead Country Nursery School","East Ayrshire","28/06/2018",5,4,4,5,0,18
"2750","Over 3s","Private","Wild Sparks Outdoor Nursery","Perth & Kinross","07/11/2017",4,5,4,4,0,17
"2751","Over 3s","Local Authority","Logans Primary School Nursery Class","North Lanarkshire","21/07/2017",4,4,4,4,0,16
"2752","Under 3s","Local Authority","St John The Baptist Primary Nursery Class","South Lanarkshire","30/05/2023",5,5,4,4,0,18
"2753","Over 3s","Private","Clydesdale After School Care (Coatbridge)","North Lanarkshire","06/12/2019",4,4,4,4,0,16
"2754","Over 3s","Private","Fast @ Muirhead","North Lanarkshire","14/05/2024",4,4,4,4,0,16
"2755","Under 3s","Voluntary or Not for Profit","Middlefield Community Project","Aberdeen City","29/01/2019",4,4,4,4,0,16
"2756","Over 3s","Private","Dunbar After-School Club","East Lothian","28/01/2019",5,4,4,4,0,17
"2757","Over 3s","Private","High Flyers","South Lanarkshire","21/12/2022",4,5,4,5,0,18
"2758","Under 3s","Private","Bizzyberry Nursery","South Lanarkshire","10/01/2023",4,4,4,4,0,16
"2759","Under 3s","Private","Flying Colours Nursery Barnton","City of Edinburgh","15/11/2019",5,4,4,4,0,17
"2760","Over 3s","Private","Smart Cookies After School Club Broughton","City of Edinburgh","11/10/2018",4,4,4,4,0,16
"2761","Over 3s","Voluntary or Not for Profit","LASC Childcare Services Ltd (Bilston)","Midlothian","09/03/2018",5,5,5,5,0,20
"2762","Under 3s","Private","Green Tree Nursery","Highland","30/09/2019",5,5,5,5,1,20
"2763","Over 3s","Private","The Wee Childcare Company Ltd: Northmuir OOSC","Angus","26/02/2024",4,4,4,4,0,16
"2764","Over 3s","Local Authority","Lennox ELCC Bonhill","West Dunbartonshire","14/06/2023",4,5,5,5,0,19
"2765","Over 3s","Local Authority","Balloch ELCC","West Dunbartonshire","04/04/2019",5,5,4,5,0,19
"2766","Over 3s","Local Authority","Bellsmyre ELCC","West Dunbartonshire","03/08/2023",5,5,5,5,0,20
"2767","Under 3s","Voluntary or Not for Profit","Dirleton Playgroup","East Lothian","29/05/2019",5,5,5,5,0,20
"2768","Over 3s","Private","Spring Oscars @ Cramond","City of Edinburgh","02/07/2024",3,3,3,3,0,12
"2769","Over 3s","Private","3 Bears @ Brownside","South Lanarkshire","17/01/2018",5,4,4,4,0,17
"2770","Under 3s","Private","Riverside Childcare","East Dunbartonshire","02/12/2019",6,6,5,6,0,23
"2771","Over 3s","Voluntary or Not for Profit","BASC: Burnbrae Service","Midlothian","04/07/2018",4,4,4,4,0,16
"2772","Under 3s","Private","The Enchanted Tree Nursery","Glasgow City","09/05/2023",4,5,4,4,0,17
"2773","Under 3s","Local Authority","Southdale Nursery","West Lothian","03/09/2019",5,4,4,5,0,18
"2774","Under 3s","Voluntary or Not for Profit","Swansacre Playgroup","Perth & Kinross","23/03/2023",4,5,4,4,0,17
"2775","Under 3s","Private","Balgillo Nursery - Langlea Place","Dundee City","03/05/2023",4,4,4,4,0,16
"2776","Over 3s","Private","Happy Little People","East Dunbartonshire","28/06/2024",4,5,4,4,0,17
"2777","Over 3s","Voluntary or Not for Profit","Mosstodloch Early Learning & Childcare","Moray","13/07/2022",5,4,5,5,0,19
"2778","Over 3s","Local Authority","Gore Glen Primary School Nursery","Midlothian","08/03/2018",5,5,4,5,0,19
"2779","Over 3s","Private","Great Western Out of School Club @ Ashley Road School","Aberdeen City","12/06/2017",5,5,5,5,0,20
"2780","Over 3s","Local Authority","Newmilns Early Childhood Centre","East Ayrshire","09/03/2018",4,4,4,5,0,17
"2781","Over 3s","Voluntary or Not for Profit","Cheeky Monkeys","Scottish Borders","24/01/2023",5,5,5,5,0,20
"2782","Over 3s","Voluntary or Not for Profit","Springfield Out of School Care Club (SCIO)","West Lothian","26/11/2019",4,4,4,4,0,16
"2783","Over 3s","Local Authority","Kirkhope Nursery","Scottish Borders","18/09/2017",4,5,5,5,0,19
"2784","Under 3s","Private","Start Bright Nursery Bonnyrigg","Midlothian","29/03/2023",4,5,5,4,0,18
"2785","Under 3s","Private","Our Zone Quality Childcare","North Lanarkshire","01/06/2023",4,4,3,4,0,15
"2786","Over 3s","Local Authority","Calaiswood Out of School Club","Fife","11/12/2023",5,5,5,5,0,20
"2787","Under 3s","Private","Lauriston Nursery @ Kinross","Perth & Kinross","15/11/2022",5,5,5,4,0,19
"2788","Under 3s","Private","Smiley Stars Nursery - Pollokshaws","Glasgow City","20/06/2023",5,4,4,4,0,17
"2789","Under 3s","Local Authority","Drumoak Primary School Nursery","Aberdeenshire","30/03/2023",5,5,5,5,0,20
"2790","Under 3s","Local Authority","Lenzie Meadow Early Years Centre","East Dunbartonshire","01/08/2019",6,5,5,6,0,22
"2791","Under 3s","Private","Nuffield Health Creche - Glasgow West End","Glasgow City","15/01/2020",4,4,4,4,0,16
"2792","Under 3s","Private","Nuffield Health Creche - Milngavie","East Dunbartonshire","14/09/2023",4,4,4,5,0,17
"2793","Under 3s","Private","Nuffield Health Creche - Edinburgh","City of Edinburgh","16/05/2024",4,3,4,4,0,15
"2794","Over 3s","Local Authority","Bilston Primary School Nursery Class","Midlothian","18/08/2017",6,5,5,6,0,22
"2795","Under 3s","Local Authority","Midmill School Nursery","Aberdeenshire","13/06/2024",5,3,4,4,0,16
"2796","Under 3s","Local Authority","Hillside Primary School Nursery","Aberdeenshire","27/02/2024",4,4,4,4,0,16
"2797","Over 3s","Voluntary or Not for Profit","Aberlady Out of School Club","East Lothian","06/02/2020",5,4,4,4,0,17
"2798","Over 3s","Private","Mucky Boots","Aberdeenshire","01/11/2022",5,5,5,5,0,20
"2799","Over 3s","Private","KLAS Care C.I.C","Renfrewshire","18/02/2019",4,5,4,5,0,18
"2800","Over 3s","Voluntary or Not for Profit","St. Ninians Out of School Care","Stirling","11/06/2024",5,5,5,5,1,20
"2801","Under 3s","Private","Acre Wood Nurseries Ltd","Midlothian","13/05/2021",4,4,4,4,0,16
"2802","Under 3s","Private","The Meadows Private Day Nursery Ltd","South Ayrshire","04/09/2018",4,4,4,4,0,16
"2803","Under 3s","Private","Rhymes Nursery - Irvine","North Ayrshire","23/01/2024",3,4,3,4,0,14
"2804","Under 3s","Private","Redwood Childcare","South Lanarkshire","03/04/2024",3,4,4,3,0,14
"2805","Over 3s","Private","Gigglebox Out of School Care","North Ayrshire","23/08/2024",4,3,4,4,1,15
"2806","Under 3s","Private","Wiggly Worms Children's Day Nursery","Scottish Borders","31/01/2023",5,5,6,5,0,21
"2807","Under 3s","Voluntary or Not for Profit","Spring Kinloss","Moray","05/08/2024",4,5,5,4,0,18
"2808","Over 3s","Private","MACS Carlibar","East Renfrewshire","21/05/2018",5,5,4,5,0,19
"2809","Over 3s","Private","The Club@Midmill","Aberdeenshire","16/05/2023",4,5,4,4,0,17
"2810","Under 3s","Private","Glencoats Lodge Nursery","Renfrewshire","03/12/2018",4,4,4,4,0,16
"2811","Over 3s","Voluntary or Not for Profit","Polton Green Nursery","Midlothian","17/05/2023",4,4,4,4,0,16
"2812","Under 3s","Local Authority","Deans North Nursery","West Lothian","04/06/2024",5,5,5,5,0,20
"2813","Under 3s","Private","Kelvinside Academy Green Forest Nursery","East Dunbartonshire","20/10/2021",5,5,4,4,0,18
"2814","Over 3s","Private","G81 Kids Club Ltd","West Dunbartonshire","18/10/2022",4,5,5,5,0,19
"2815","Under 3s","Local Authority","The Strynd Nursery","Orkney Islands","11/09/2020",5,NA,5,4,0,14
"2816","Under 3s","Private","Kirkshaws Tiny Tots Playgroup","North Lanarkshire","18/10/2022",4,4,4,4,0,16
"2817","Under 3s","Private","Sunshine Nursery Torphins Limited","Aberdeenshire","09/12/2022",4,4,4,4,0,16
"2818","Under 3s","Private","Green Apple Nursery Ltd","North Lanarkshire","20/05/2024",3,4,4,4,0,15
"2819","Under 3s","Private","Bright Horizons Hamilton Early Learning and Childcare","South Lanarkshire","12/12/2022",5,5,4,5,0,19
"2820","Under 3s","Private","Puddleduck Private Nursery","Glasgow City","19/04/2024",4,4,3,4,0,15
"2821","Over 3s","Private","Clarkston After School Service (St. Clare's)","East Renfrewshire","08/06/2018",5,4,5,5,0,19
"2822","Under 3s","Private","Kirktonholme Childcare","Glasgow City","27/07/2023",4,5,5,5,1,19
"2823","Over 3s","Private","Spring Oscars @ Corstorphine","City of Edinburgh","06/12/2022",5,5,4,5,0,19
"2824","Under 3s","Private","Busy Bees at Dean Terrace","City of Edinburgh","24/07/2019",4,4,4,4,2,16
"2825","Under 3s","Private","Busy Bees at Forres Street","City of Edinburgh","18/04/2024",3,3,3,3,0,12
"2826","Over 3s","Private","KRU KLUB","City of Edinburgh","04/05/2023",4,4,4,4,0,16
"2827","Under 3s","Private","The Nurture Nursery","West Lothian","10/01/2023",5,5,5,5,0,20
"2828","Over 3s","Local Authority","St. Mary's Primary Nursery Class","West Dunbartonshire","01/10/2019",4,4,4,5,0,17
"2829","Over 3s","Local Authority","Stratherrick Nursery","Highland","04/06/2018",5,5,5,5,0,20
"2830","Under 3s","Private","Bright Horizons Bishopbriggs Early Learning and Childcare","East Dunbartonshire","07/09/2023",3,4,3,3,0,13
"2831","Under 3s","Private","Bright Horizons Renfrew Early Learning and Childcare","Renfrewshire","08/11/2019",5,5,4,4,0,18
"2832","Over 3s","Voluntary or Not for Profit","Burnbank Out of School Care","South Lanarkshire","06/08/2018",5,5,5,5,0,20
"2833","Under 3s","Voluntary or Not for Profit","Whitehill Neighbourhood Nursery","South Lanarkshire","03/04/2023",4,4,4,4,0,16
"2834","Under 3s","Voluntary or Not for Profit","Childcare in the Community Mobile Creche","South Lanarkshire","08/01/2019",5,5,5,5,0,20
"2835","Over 3s","Voluntary or Not for Profit","Whitehill Out of School Care","South Lanarkshire","26/11/2018",5,5,5,5,0,20
"2836","Over 3s","Local Authority","Orchard Brae Holiday Club","Aberdeen City","15/09/2022",5,5,5,5,0,20
"2837","Under 3s","Private","First Friends Laurencekirk Ltd","Aberdeenshire","09/05/2023",5,5,4,5,0,19
"2838","Under 3s","Private","Lullaby Lane Milngavie","East Dunbartonshire","14/09/2023",3,3,3,3,2,12
"2839","Under 3s","Voluntary or Not for Profit","Saheliya Play and Learn Centre","Glasgow City","04/08/2022",4,4,4,4,0,16
"2840","Under 3s","Local Authority","Boghall Nursery Class","West Lothian","29/10/2018",5,5,5,5,0,20
"2841","Under 3s","Local Authority","Whatriggs Early Childhood Centre","East Ayrshire","07/09/2021",5,4,4,4,0,17
"2842","Under 3s","Private","The Yellow Brick Road Early Years Centre","North Ayrshire","25/06/2019",5,5,4,5,0,19
"2843","Under 3s","Private","Tots Academy","Dundee City","15/01/2024",4,4,4,4,0,16
"2844","Under 3s","Private","The Murrayfield Nursery","City of Edinburgh","11/04/2024",2,2,2,2,0,8
"2845","Under 3s","Private","Cherry Tree (AMT) Ltd","Falkirk","14/06/2024",3,4,4,4,0,15
"2846","Under 3s","Private","Parkview Nursery","North Lanarkshire","05/03/2024",5,5,5,5,0,20
"2847","Over 3s","Local Authority","Renfrewshire PlayScheme","Renfrewshire","23/10/2018",5,5,5,5,0,20
"2848","Under 3s","Private","Glenbervie Kindergarden Larbert","Falkirk","22/11/2023",5,4,5,4,0,18
"2849","Over 3s","Private","GX Club Carrongrove","Falkirk","20/11/2018",5,5,5,5,0,20
"2850","Under 3s","Private","The Playbarn","Highland","09/12/2021",5,4,4,4,0,17
"2851","Under 3s","Local Authority","Newton Farm Primary School Nursery","South Lanarkshire","29/06/2023",4,4,4,3,0,15
"2852","Over 3s","Private","Schools Out! Westhill","Aberdeenshire","19/03/2024",5,5,4,4,1,18
"2853","Under 3s","Private","My Second Home","Glasgow City","07/03/2024",5,4,5,4,0,18
"2854","Over 3s","Voluntary or Not for Profit","International School of Aberdeen Out of School Club","Aberdeen City","04/02/2019",5,5,5,5,0,20
"2855","Under 3s","Local Authority","Scourie Primary School Nursery","Highland","26/09/2018",5,5,5,5,0,20
"2856","Over 3s","Local Authority","Aviemore Early Learning and Childcare Service","Highland","24/06/2024",3,3,3,3,0,12
"2857","Over 3s","Local Authority","Methlick Nursery","Aberdeenshire","22/01/2020",5,5,5,5,0,20
"2858","Under 3s","Private","Little Clouds Nursery","Aberdeen City","20/03/2024",3,4,4,4,0,15
"2859","Under 3s","Private","The Montessori Nursery School","City of Edinburgh","18/01/2019",5,5,5,5,0,20
"2860","Under 3s","Private","Kirktonholme @ Airdrie Childcare","North Lanarkshire","28/11/2023",5,5,5,5,0,20
"2861","Over 3s","Private","Bishopbriggs Out of School Care - St Helen's PS","East Dunbartonshire","20/02/2023",4,5,4,5,0,18
"2862","Under 3s","Private","The Orchard Nature Nursery Limited","Dumfries & Galloway","28/08/2023",5,5,5,5,0,20
"2863","Under 3s","Private","Primrose City Nursery","Glasgow City","30/11/2023",5,4,5,4,0,18
"2864","Over 3s","Voluntary or Not for Profit","Low Port Out of School Club SCIO","West Lothian","10/03/2020",5,5,5,5,0,20
"2865","Under 3s","Private","Polkemmet Daycare Limited","West Lothian","31/10/2023",4,5,4,4,1,17
"2866","Under 3s","Private","Jack and Jill Nursery School","Moray","18/01/2019",5,6,6,6,0,23
"2867","Over 3s","Private","Clarkston After School Service (Netherlee)","East Renfrewshire","14/05/2019",4,4,4,4,0,16
"2868","Under 3s","Voluntary or Not for Profit","Rosetta Early Learners","Scottish Borders","03/08/2022",4,4,4,5,0,17
"2869","Under 3s","Voluntary or Not for Profit","Community Playgroups - (Fauldhouse)","West Lothian","29/09/2021",5,4,4,5,0,18
"2870","Over 3s","Private","Gryffe Manor Out of School Care","Renfrewshire","15/07/2020",4,5,4,5,0,18
"2871","Under 3s","Private","Gryffe Manor Nursery","Renfrewshire","29/06/2020",5,5,5,5,0,20
"2872","Under 3s","Private","Mini Monkeys","Dundee City","16/05/2023",4,3,3,4,1,14
"2873","Under 3s","Private","Tots R Us Nursery","West Dunbartonshire","06/09/2022",4,4,4,4,0,16
"2874","Under 3s","Local Authority","Dunbeath Early Learning and Childcare Service","Highland","10/09/2019",5,5,5,5,0,20
"2875","Over 3s","Voluntary or Not for Profit","Mayfield/Lawfield/Tynewater ASC","Midlothian","18/08/2020",4,4,4,4,0,16
"2876","Under 3s","Private","Outdoor Nursery Edinburgh (ONE)","City of Edinburgh","06/12/2023",4,5,4,4,0,17
"2877","Under 3s","Local Authority","Torphichen Nursery Class","West Lothian","20/06/2019",4,4,4,4,0,16
"2878","Under 3s","Private","Happy Feet Nursery and Out of School Club","South Lanarkshire","16/08/2024",4,5,5,5,0,19
"2879","Over 3s","Local Authority","Holy Family Primary School Nursery Class","North Lanarkshire","02/09/2022",4,4,4,4,0,16
"2880","Under 3s","Private","Lemon Tree Nursery","Angus","13/08/2021",5,4,4,4,0,17
"2881","Over 3s","Private","Karemore@St. Nicholas Primary School","East Dunbartonshire","02/12/2019",5,5,5,5,0,20
"2882","Under 3s","Private","Casa Montessori","City of Edinburgh","16/03/2023",5,5,5,5,0,20
"2883","Over 3s","Voluntary or Not for Profit","The Saturday Cafe Clubs","Glasgow City","21/06/2019",5,5,5,6,0,21
"2884","Over 3s","Voluntary or Not for Profit","Hutchesons' Pre-School","Glasgow City","12/02/2024",4,4,4,4,0,16
"2885","Under 3s","Private","Smiley Stars Nursery - Mansewood","Glasgow City","12/04/2024",4,3,4,4,0,15
"2886","Under 3s","Local Authority","St. Boswells Nursery","Scottish Borders","08/10/2019",5,5,5,5,0,20
"2887","Under 3s","Private","Pear Tree Nursery West Road","East Lothian","21/07/2023",4,4,4,4,3,16
"2888","Under 3s","Private","Acorn Day Nursery","Fife","08/06/2023",5,5,5,5,0,20
"2889","Under 3s","Voluntary or Not for Profit","Tweedbank Early Learners SCIO","Scottish Borders","27/08/2020",5,5,4,5,0,19
"2890","Under 3s","Local Authority","St. Francis' Nursery Class","Inverclyde","30/01/2023",4,5,4,4,0,17
"2891","Over 3s","Local Authority","St. Joseph's Nursery Class","Inverclyde","29/09/2020",4,5,4,5,0,18
"2892","Under 3s","Private","Castlegate Childcare","South Lanarkshire","14/08/2023",4,4,4,4,0,16
"2893","Under 3s","Private","Bairns Community Mobile Creche","Falkirk","21/11/2023",4,4,3,4,0,15
"2894","Under 3s","Private","Linktown Nursery Ltd","Fife","10/07/2024",4,4,4,5,0,17
"2895","Over 3s","Private","Daddy Daycare Flora Stevenson","City of Edinburgh","23/01/2020",5,5,5,5,0,20
"2896","Under 3s","Private","Earthtime's Forest School Nursery","Moray","06/11/2023",5,3,3,4,2,15
"2897","Over 3s","Voluntary or Not for Profit","First 4 Kids SCIO Westquarter","Falkirk","10/03/2020",4,4,4,4,0,16
"2898","Over 3s","Voluntary or Not for Profit","First 4 Kids SCIO Stenhousemuir","Falkirk","15/02/2023",4,4,4,4,0,16
"2899","Over 3s","Voluntary or Not for Profit","First 4 Kids SCIO St. Bernadette's","Falkirk","17/02/2023",4,4,4,4,0,16
"2900","Over 3s","Voluntary or Not for Profit","First 4 Kids SCIO Maddiston","Falkirk","05/10/2021",4,4,4,4,0,16
"2901","Over 3s","Voluntary or Not for Profit","First 4 Kids SCIO Ladeside","Falkirk","17/02/2023",4,4,4,4,0,16
"2902","Over 3s","Voluntary or Not for Profit","First 4 Kids SCIO Carron","Falkirk","17/02/2023",4,4,4,4,0,16
"2903","Over 3s","Voluntary or Not for Profit","First 4 Kids SCIO Bonnybridge","Falkirk","17/02/2023",4,4,4,4,0,16
"2904","Over 3s","Voluntary or Not for Profit","First 4 Kids SCIO Bantaskin","Falkirk","22/02/2023",4,4,4,4,0,16
"2905","Under 3s","Voluntary or Not for Profit","Clackmannanshire Women's Aid","Clackmannanshire","12/01/2022",5,5,5,5,0,20
"2906","Under 3s","Local Authority","St. Margaret's RC Primary School Nursery","Scottish Borders","22/04/2022",4,5,4,4,0,17
"2907","Under 3s","Private","Queen's Cross Nursery Limited","Aberdeen City","27/06/2019",5,5,5,5,0,20
"2908","Under 3s","Voluntary or Not for Profit","Edinburgh College - Waterfront Nursery","City of Edinburgh","11/12/2023",4,4,4,4,0,16
"2909","Under 3s","Private","Banana Moon Day Nursery Westhill","Aberdeenshire","24/06/2024",4,4,4,4,1,16
"2910","Over 3s","Voluntary or Not for Profit","Seaton Out of School Club","Aberdeen City","28/02/2020",4,4,4,5,0,17
"2911","Over 3s","Local Authority","Andrew B Cameron ELCC","West Dunbartonshire","15/02/2023",5,5,5,4,0,19
"2912","Over 3s","Local Authority","Levenvale Primary Nursery Class","West Dunbartonshire","10/05/2022",5,5,5,5,0,20
"2913","Over 3s","Private","ABC Craigsfarm OOSC","West Lothian","09/05/2023",4,4,4,4,0,16
"2914","Over 3s","Private","Star Kids Out of School Care Ltd","South Lanarkshire","30/10/2019",4,4,4,4,0,16
"2915","Under 3s","Local Authority","North West Community Campus Nursery","Dumfries & Galloway","14/01/2020",4,4,4,4,0,16
"2916","Over 3s","Private","The Club@Kinellar","Aberdeenshire","24/07/2019",5,5,4,5,0,19
"2917","Under 3s","Private","Wise Owls Nursery and Out of School Club","Dumfries & Galloway","13/03/2023",4,4,4,4,1,16
"2918","Over 3s","Voluntary or Not for Profit","Southside and Central Out of School Hours - SCOOSH","City of Edinburgh","14/09/2023",4,4,4,4,0,16
"2919","Over 3s","Local Authority","Hill of Fearn ELC","Highland","09/09/2019",5,5,5,5,0,20
"2920","Under 3s","Private","High Flyers Nursery","South Lanarkshire","18/10/2023",5,5,5,5,0,20
"2921","Over 3s","Private","Craigend OSC","Glasgow City","28/02/2022",4,4,4,4,1,16
"2922","Over 3s","Private","Skool Is Out @ Bruntsfield Centre","City of Edinburgh","10/03/2020",4,4,4,4,0,16
"2923","Under 3s","Private","Flowerpots Childcare Ltd - Turriff","Aberdeenshire","01/08/2024",4,4,4,4,1,16
"2924","Over 3s","Private","Muthill Kiddy Club","Perth & Kinross","13/12/2021",4,4,4,4,0,16
"2925","Under 3s","Private","Arcadia@EasterBush","Midlothian","23/03/2023",5,5,4,5,0,19
"2926","Over 3s","Private","Newton Farm After School Club","South Lanarkshire","02/11/2022",4,4,4,4,1,16
"2927","Under 3s","Private","Riverside Rascals","Argyll & Bute","23/08/2022",4,4,4,4,0,16
"2928","Under 3s","Voluntary or Not for Profit","Stramash Outdoor Nursery Tornagrain","Highland","02/08/2021",4,4,4,4,0,16
"2929","Over 3s","Private","Juniper Green Out of School Provision","City of Edinburgh","04/08/2023",4,4,4,4,0,16
"2930","Under 3s","Local Authority","Lady Cathcart Nursery","Moray","24/10/2023",4,4,3,4,0,15
"2931","Under 3s","Private","Pied Piper Nursery","Glasgow City","17/11/2021",4,5,5,5,0,19
"2932","Over 3s","Private","Oganan Ghlaschu","Glasgow City","07/01/2020",4,5,4,4,0,17
"2933","Under 3s","Private","Little Flyers @ Livingston","West Lothian","22/08/2023",4,4,4,4,0,16
"2934","Over 3s","Private","Nino's After School Care","East Dunbartonshire","28/02/2023",5,5,5,5,0,20
"2935","Over 3s","Voluntary or Not for Profit","Hutchesons' After School Care","Glasgow City","16/06/2020",4,4,4,4,0,16
"2936","Under 3s","Private","Argyle Bridge Children's Nursery - Haddington Road","East Lothian","02/08/2024",4,3,3,3,0,13
"2937","Over 3s","Private","Kidsize Kingswells OOSC","Aberdeen City","24/12/2020",4,4,4,4,0,16
"2938","Over 3s","Private","Bishopton Out of School Care - Cornerstone","Renfrewshire","28/03/2023",4,4,4,4,0,16
"2939","Over 3s","Private","Bridge of Don Out of School Care Ltd. Braehead Breakfast and After School Club","Aberdeen City","19/05/2022",4,4,5,4,0,17
"2940","Under 3s","Private","Arcadia@Kings Buildings","City of Edinburgh","10/07/2023",4,4,4,4,1,16
"2941","Under 3s","Voluntary or Not for Profit","Community Playgroups - Uphall","West Lothian","24/10/2021",5,4,4,5,0,18
"2942","Under 3s","Private","Parkview Nursery School","Dundee City","04/06/2024",3,3,3,3,1,12
"2943","Under 3s","Private","The Flying Start Nursery","Glasgow City","20/01/2022",4,4,4,5,0,17
"2944","Under 3s","Private","Bright Starts Nursery","Perth & Kinross","26/06/2023",4,4,4,4,0,16
"2945","Under 3s","Voluntary or Not for Profit","Newbattle Community Nursery a SCIO","Midlothian","11/06/2024",4,4,4,4,0,16
"2946","Under 3s","Private","Buttons and Bows","Dundee City","02/08/2024",4,4,4,4,1,16
"2947","Over 3s","Voluntary or Not for Profit","Mayfield/Lawfield/Tynewater ASC @ Tynewater","Midlothian","18/08/2020",4,4,4,4,0,16
"2948","Under 3s","Voluntary or Not for Profit","Gullane Community Children's Hub","East Lothian","14/11/2022",5,5,5,5,0,20
"2949","Under 3s","Voluntary or Not for Profit","Wild Willows","Highland","26/04/2023",4,4,4,4,0,16
"2950","Under 3s","Private","Drumfork Nursery and Family Centre","Argyll & Bute","20/12/2023",4,4,4,4,0,16
"2951","Under 3s","Private","Haddo Woodland Kindergarten","Aberdeenshire","01/11/2022",5,4,4,5,0,18
"2952","Over 3s","Voluntary or Not for Profit","Support, Help and Integration in Perthshire","Perth & Kinross","19/01/2022",4,5,4,5,0,18
"2953","Under 3s","Private","Meadows Nursery","City of Edinburgh","29/08/2023",4,4,4,4,0,16
"2954","Under 3s","Local Authority","Yetholm Primary School Nursery","Scottish Borders","25/05/2022",5,5,5,5,0,20
"2955","Under 3s","Local Authority","Hillview Early Learning and Childcare Centre","Renfrewshire","08/11/2021",4,4,4,4,0,16
"2956","Under 3s","Private","Fly High Early Learning & Childcare","South Ayrshire","21/11/2023",4,5,4,4,0,17
"2957","Over 3s","Private","The Sunrise After School Club","South Ayrshire","15/11/2022",4,4,4,4,0,16
"2958","Under 3s","Local Authority","The Butterfly Rooms","Highland","24/08/2022",4,4,4,4,0,16
"2959","Over 3s","Local Authority","Disability Holiday Playscheme Braidburn","City of Edinburgh","28/02/2022",4,4,4,4,0,16
"2960","Under 3s","Private","Busy Bees at Edinburgh Broughton","City of Edinburgh","12/01/2024",4,4,4,4,0,16
"2961","Under 3s","Private","Busy Bees at Dundee West","Dundee City","06/07/2022",4,4,4,4,0,16
"2962","Under 3s","Local Authority","Kinlochbervie Nursery","Highland","13/03/2023",3,4,3,3,0,13
"2963","Over 3s","Local Authority","Community Support Network - Kintyre Network Centre","Argyll & Bute","02/04/2024",3,2,3,3,0,11
"2964","Under 3s","Private","Little Rookies Daycare","Fife","07/09/2021",4,4,4,4,0,16
"2965","Over 3s","Voluntary or Not for Profit","Sciennes After School Care Scheme SCIO","City of Edinburgh","20/12/2023",4,3,3,4,0,14
"2966","Under 3s","Private","Stepping Stones Nursery","East Lothian","19/12/2023",4,3,3,4,0,14
"2967","Under 3s","Private","Burnside House Nursery","North Ayrshire","04/07/2023",4,3,3,3,0,13
"2968","Under 3s","Private","Beechwood House Nursery","East Ayrshire","15/08/2023",4,4,4,4,0,16
"2969","Under 3s","Private","Summerlea House Nursery","North Ayrshire","16/05/2023",4,4,4,4,0,16
"2970","Under 3s","Private","Glasgow University Nursery","Glasgow City","15/03/2023",4,5,5,5,0,19
"2971","Under 3s","Private","Strathclyde University Nursery","Glasgow City","23/05/2023",4,4,4,4,0,16
"2972","Under 3s","Private","Caledonian Nursery","Glasgow City","06/02/2024",4,5,4,4,0,17
"2973","Over 3s","Voluntary or Not for Profit","Loretto Pre School","East Lothian","15/12/2021",4,4,4,4,0,16
"2974","Under 3s","Voluntary or Not for Profit","Dingwall Ducklings","Highland","27/02/2023",4,4,5,4,0,17
"2975","Over 3s","Local Authority","St. David's Primary School Nursery Class","Midlothian","21/11/2023",4,4,5,4,0,17
"2976","Over 3s","Private","Skoolz Out Child Care Ltd","East Dunbartonshire","13/10/2022",4,5,4,4,0,17
"2977","Under 3s","Private","University of St. Andrews Nursery","Fife","12/06/2023",5,4,4,4,0,17
"2978","Under 3s","Private","Peerie Foxes Ltd","Shetland Islands","11/07/2024",4,3,3,3,0,13
"2979","Over 3s","Voluntary or Not for Profit","Perth Autism Support","Perth & Kinross","10/12/2021",4,5,5,5,0,19
"2980","Over 3s","Local Authority","Woodhead Primary School Nursery Class","South Lanarkshire","24/11/2021",4,4,5,4,0,17
"2981","Over 3s","Local Authority","Maidenhill Nursery Class","East Renfrewshire","19/12/2023",4,3,4,3,1,14
"2982","Under 3s","Private","Stepping Stones Nursery","Argyll & Bute","22/09/2022",6,5,5,5,1,21
"2983","Over 3s","Local Authority","Vogrie Outdoor Early Learning and Childcare","Midlothian","10/06/2021",5,5,5,5,0,20
"2984","Under 3s","Private","Jack & Jill's Elite Nursery Limited","Angus","18/04/2024",4,4,4,4,0,16
"2985","Over 3s","Private","Bright Beginnings Early Years Centre","North Ayrshire","27/09/2022",4,4,4,4,0,16
"2986","Over 3s","Private","St. James Out of School Care","Renfrewshire","20/10/2023",4,4,4,4,1,16
"2987","Over 3s","Private","Kinder Croft CIC Outdoor Nursery","Highland","02/03/2023",5,5,4,5,0,19
"2988","Under 3s","Local Authority","Jedburgh Campus Nursery","Scottish Borders","12/09/2023",5,4,5,4,0,18
"2989","Under 3s","Private","Cambusbarron Village Nursery","Stirling","28/09/2021",5,5,5,5,0,20
"2990","Over 3s","Private","Stoney's Kids","South Lanarkshire","26/10/2022",4,4,4,4,0,16
"2991","Over 3s","Private","MACS Maidenhill","East Renfrewshire","31/03/2022",5,5,4,5,0,19
"2992","Under 3s","Private","Green Apple Nursery Carluke","South Lanarkshire","04/06/2024",5,5,5,5,0,20
"2993","Over 3s","Local Authority","St. Cadoc's Nursery Class","East Renfrewshire","23/12/2021",4,5,4,4,0,17
"2994","Over 3s","Local Authority","Fenwick Early Childhood Centre","East Ayrshire","20/04/2023",5,5,5,5,0,20
"2995","Over 3s","Private","Star Academy Scotland Ltd","East Renfrewshire","02/11/2022",5,4,4,4,0,17
"2996","Over 3s","Voluntary or Not for Profit","Blacklaw Out of School Care","South Lanarkshire","17/05/2024",4,3,3,3,0,13
"2997","Over 3s","Local Authority","Rosneath Early Learning and Childcare","Argyll & Bute","23/08/2022",4,5,5,5,0,19
"2998","Under 3s","Private","Castlegate Nursery & Out of School Club Limited","Scottish Borders","26/08/2024",4,4,5,4,0,17
"2999","Under 3s","Private","Bee Curious Nursery","Fife","27/03/2024",3,3,3,3,0,12
"3000","Over 3s","Local Authority","Cardross Early Learning and Childcare","Argyll & Bute","07/10/2022",4,5,4,4,0,17
"3001","Under 3s","Private","Cairngorm Early Learning & Childcare","Highland","29/08/2022",5,5,5,5,0,20
"3002","Under 3s","Private","Piccolo Nursery","North Lanarkshire","01/11/2023",4,4,5,4,0,17
"3003","Over 3s","Local Authority","Campbeltown Aqualibrium Early Learning and Childcare","Argyll & Bute","31/05/2022",4,4,4,4,0,16
"3004","Over 3s","Voluntary or Not for Profit","The Action Group (West Lothian Holiday Group)","West Lothian","29/07/2024",4,5,5,5,0,19
"3005","Under 3s","Private","Newmill Nursery and Little Stars","Moray","26/01/2023",4,5,5,4,0,18
"3006","Over 3s","Voluntary or Not for Profit","Cornton Out of School Care","Stirling","19/10/2023",3,3,2,3,0,11
"3007","Over 3s","Local Authority","Auchterhouse Nursery","Angus","02/06/2022",4,5,5,5,0,19
"3008","Over 3s","Private","Przedszkole - Polska Szkola im sw Stanislawa Kostki w Aberdeen","Aberdeen City","03/04/2024",3,4,4,3,0,14
"3009","Under 3s","Private","Big Bird Nursery","West Lothian","28/11/2022",5,5,5,5,0,20
"3010","Under 3s","Private","The Club Out of School Care & Community Hub","West Lothian","22/09/2023",4,4,4,4,0,16
"3011","Over 3s","Private","High Flyers @ The Woods","South Lanarkshire","12/06/2023",5,5,4,4,0,18
"3012","Under 3s","Local Authority","Broughton Primary School Nursery","Scottish Borders","17/10/2022",4,5,4,4,0,17
"3013","Under 3s","Private","Banana Moon Day Nursery Bridge of Don","Aberdeen City","24/11/2023",4,5,5,5,0,19
"3014","Under 3s","Local Authority","Early Learning Unit Hope Street","South Lanarkshire","13/09/2022",5,5,5,5,0,20
"3015","Under 3s","Private","Busy Bees Nursery","Perth & Kinross","11/01/2022",4,5,4,5,0,18
"3016","Over 3s","Voluntary or Not for Profit","St. Charles After School Care Service","Glasgow City","11/01/2023",4,4,4,4,0,16
"3017","Under 3s","Local Authority","Lochcarron Nursery","Highland","03/07/2023",4,4,4,4,0,16
"3018","Under 3s","Local Authority","Scots Corner Early Learning and Childcare Centre","Midlothian","21/06/2022",5,5,5,5,0,20
"3019","Over 3s","Voluntary or Not for Profit","MAKI Pups","Argyll & Bute","21/01/2022",4,4,4,4,0,16
"3020","Under 3s","Voluntary or Not for Profit","Flexible Childcare Services - Dundee","Dundee City","11/06/2024",4,4,4,4,2,16
"3021","Over 3s","Voluntary or Not for Profit","Flexible Childcare Services - Hillside Breakfast and Out of School Club","Aberdeenshire","23/10/2023",4,4,4,4,0,16
"3022","Under 3s","Voluntary or Not for Profit","Flexible Childcare Services - NESCOL","Aberdeenshire","03/10/2023",4,4,4,3,0,15
"3023","Over 3s","Voluntary or Not for Profit","Flexible Childcare Services - Turriff","Aberdeenshire",NA,NA,NA,NA,NA,0,0
"3024","Over 3s","Voluntary or Not for Profit","Flexible Childcare Services (Aberdeenshire) - Huntly","Aberdeenshire",NA,NA,NA,NA,NA,0,0
"3025","Over 3s","Voluntary or Not for Profit","Flexible Childcare Services (Aberdeenshire) - Banff","Aberdeenshire","25/05/2022",5,5,4,5,0,19
"3026","Over 3s","Voluntary or Not for Profit","Flexible Childcare Services (Aberdeenshire) - Fraserburgh","Aberdeenshire","16/05/2022",5,5,5,5,0,20
"3027","Over 3s","Voluntary or Not for Profit","Flexible Childcare Services - Oldmeldrum","Aberdeenshire","13/11/2023",4,4,5,4,0,17
"3028","Over 3s","Voluntary or Not for Profit","Flexible Childcare Services - Ellon","Aberdeenshire","21/03/2023",4,5,4,5,0,18
"3029","Over 3s","Voluntary or Not for Profit","Flexible Childcare Services (Aberdeenshire) - Peterhead","Aberdeenshire","12/08/2024",5,5,5,5,1,20
"3030","Over 3s","Voluntary or Not for Profit","Flexible Childcare Services - Alford","Aberdeenshire","26/08/2022",4,4,4,4,0,16
"3031","Over 3s","Voluntary or Not for Profit","Flexible Childcare Services (Aberdeenshire) - Inverurie","Aberdeenshire","06/03/2023",4,5,4,4,1,17
"3032","Over 3s","Voluntary or Not for Profit","Flexible Childcare Services (Aberdeenshire) - Stonehaven","Aberdeenshire","13/09/2023",4,5,4,4,0,17
"3033","Over 3s","Local Authority","Whitecrook Primary School ELCC","West Dunbartonshire","30/01/2023",5,5,5,5,0,20
"3034","Over 3s","Local Authority","Canberra Primary School Nursery Class","South Lanarkshire","17/01/2022",5,5,5,5,0,20
"3035","Over 3s","Local Authority","Our Lady of Loretto Primary School Early Learning and Childcare Centre","West Dunbartonshire","27/02/2023",5,5,5,5,0,20
"3036","Over 3s","Local Authority","St. Ronan's Primary School and ELCC","West Dunbartonshire","15/09/2022",5,5,5,5,0,20
"3037","Over 3s","Local Authority","Dalreoch Primary School ELCC","West Dunbartonshire","05/09/2022",5,5,5,5,0,20
"3038","Over 3s","Local Authority","Carleith Primary School ELCC","West Dunbartonshire","12/10/2022",5,5,5,5,0,20
"3039","Under 3s","Voluntary or Not for Profit","Aberdeen Lads Club Community Project - Little Learners","Aberdeen City","29/06/2022",5,5,5,5,0,20
"3040","Over 3s","Voluntary or Not for Profit","Abriachan Forest School","Highland","20/10/2021",5,5,5,5,0,20
"3041","Over 3s","Local Authority","Hillview Nursery","Dundee City","01/11/2021",5,5,5,5,0,20
"3042","Over 3s","Local Authority","Longhaugh Nursery","Dundee City","12/01/2023",5,5,5,5,0,20
"3043","Over 3s","Local Authority","Caird View Nursery","Dundee City","07/07/2022",5,5,6,5,0,21
"3044","Under 3s","Local Authority","Guildtown Primary School Nursery","Perth & Kinross","05/01/2022",5,5,4,5,0,19
"3045","Over 3s","Private","Applebays Afterschool Torrance","East Dunbartonshire","10/05/2023",4,5,4,5,0,18
"3046","Over 3s","Local Authority","Glengowan Primary School Nursery Class","South Lanarkshire","17/11/2022",4,4,4,4,0,16
"3047","Under 3s","Private","Little Staggies ELC","Highland","28/08/2024",3,3,3,3,0,12
"3048","Under 3s","Local Authority","Swinton Primary School Nursery","Scottish Borders","14/01/2022",4,5,5,5,0,19
"3049","Under 3s","Private","FossoPLAY Outdoor Nursery","Perth & Kinross","14/06/2022",5,5,4,5,0,19
"3050","Under 3s","Local Authority","Craigbank ELC","Clackmannanshire","13/01/2022",4,5,5,5,0,19
"3051","Under 3s","Local Authority","Tongue Primary School Nursery","Highland","15/03/2024",3,3,4,4,0,14
"3052","Over 3s","Local Authority","Countesswells Out of School Care","Aberdeen City","25/11/2022",5,5,5,5,0,20
"3053","Under 3s","Private","Tots R Us Nursery Clydebank","West Dunbartonshire","26/04/2022",4,4,4,4,0,16
"3054","Under 3s","Private","Carebears Childrens Nursery","City of Edinburgh","03/08/2022",5,5,4,4,0,18
"3055","Over 3s","Private","Portree Nursery","Highland","10/04/2024",4,5,4,4,0,17
"3056","Under 3s","Local Authority","Scallywags Nursery","Highland","31/01/2024",4,4,4,4,0,16
"3057","Under 3s","Voluntary or Not for Profit","Wonder Woods Woodland Nursery","West Lothian","14/09/2021",4,4,4,4,0,16
"3058","Under 3s","Private","Johnston Nursery","Dumfries & Galloway","15/04/2024",5,4,4,5,0,18
"3059","Under 3s","Local Authority","St. Ninians Episcopal Primary School Nursery","Perth & Kinross","15/12/2021",4,5,4,5,0,18
"3060","Over 3s","Local Authority","St. Cuthbert's Primary School Nursery","City of Edinburgh","12/12/2022",4,4,4,4,0,16
"3061","Over 3s","Private","Ankerville House Nursery","Highland","20/12/2021",5,5,4,5,0,19
"3062","Under 3s","Private","Pear Tree Nursery Church Street","East Lothian","05/06/2024",4,4,4,4,0,16
"3063","Over 3s","Private","Off Grid After School","East Renfrewshire","03/04/2023",5,5,5,5,0,20
"3064","Over 3s","Private","The Wee Childcare Company Ltd - Abbey View OOSC","Angus","30/06/2022",5,4,4,5,0,18
"3065","Over 3s","Local Authority","Calside Nursery","Dumfries & Galloway","03/08/2022",5,4,5,4,0,18
"3066","Under 3s","Local Authority","Craigmarloch Nursery Class","Inverclyde","06/12/2022",5,5,5,5,0,20
"3067","Under 3s","Local Authority","Ayr Grammar Early Years Centre","South Ayrshire","26/01/2024",5,4,4,5,0,18
"3068","Under 3s","Local Authority","Rooftop ELC","South Lanarkshire","03/10/2023",4,4,4,4,0,16
"3069","Under 3s","Local Authority","Woodhill Early Learning and Childcare","South Lanarkshire","16/08/2022",5,5,5,5,0,20
"3070","Under 3s","Local Authority","Millburn Early Learning and Childcare","South Lanarkshire","05/08/2022",5,5,5,4,0,19
"3071","Under 3s","Local Authority","Kirkstyle Early Learning and Childcare","South Lanarkshire","15/09/2022",5,5,4,4,0,18
"3072","Over 3s","Local Authority","Avondale Early Learning and Childcare","South Lanarkshire","02/10/2023",4,4,4,4,0,16
"3073","Under 3s","Local Authority","Springlaw Early Learning and Childcare","South Lanarkshire","27/10/2022",5,5,5,4,0,19
"3074","Under 3s","Local Authority","Oakburn Early Years Centre","East Dunbartonshire","17/10/2023",5,5,4,5,0,19
"3075","Over 3s","Local Authority","Letham Mains Primary School Nursery","East Lothian","14/06/2023",4,4,4,4,0,16
"3076","Under 3s","Local Authority","Carnoustie Early Learning and Childcare Centre","Angus","13/10/2021",5,4,4,4,0,17
"3077","Over 3s","Local Authority","Forfar Early Learning and Childcare Centre","Angus","27/05/2022",5,5,5,5,0,20
"3078","Over 3s","Local Authority","Cross Arthurlie Nursery Class","East Renfrewshire","31/03/2023",5,5,5,5,0,20
"3079","Under 3s","Private","Buchanan Nursery","East Dunbartonshire","05/07/2022",5,4,4,5,0,18
"3080","Over 3s","Private","The Magic Roundabout Childcare Centre Ltd","Moray","07/12/2021",5,5,5,5,0,20
"3081","Under 3s","Private","The Magic Roundabout Childcare Centre Ltd -  Southfield","Moray","09/02/2024",4,4,3,3,0,14
"3082","Under 3s","Local Authority","Netherton Family Learning Centre","North Lanarkshire","02/05/2022",4,4,5,4,0,17
"3083","Under 3s","Local Authority","Calderview Family Learning Centre","North Lanarkshire","03/08/2022",5,5,5,5,0,20
"3084","Under 3s","Local Authority","Innerleithen Family Learning Centre","North Lanarkshire","01/06/2022",4,4,4,4,0,16
"3085","Under 3s","Local Authority","Abernethyn Family Learning Centre","North Lanarkshire","22/06/2022",5,5,5,5,0,20
"3086","Under 3s","Local Authority","St. Augustine's Primary School Nursery Class","North Lanarkshire","12/01/2022",5,5,5,5,0,20
"3087","Over 3s","Local Authority","Shawhead Primary School Nursery Class","North Lanarkshire","23/05/2022",4,5,5,5,0,19
"3088","Over 3s","Local Authority","Cumbernauld Village Family Learning Centre","North Lanarkshire","22/04/2022",5,5,5,5,0,20
"3089","Under 3s","Local Authority","Townhead Primary School Nursery Class","North Lanarkshire","25/08/2022",5,4,4,4,0,17
"3090","Under 3s","Local Authority","Broomlands Family Learning Centre","North Lanarkshire","31/07/2023",5,4,4,4,0,17
"3091","Under 3s","Local Authority","Whitelees Primary School Nursery Class","North Lanarkshire","16/05/2023",5,5,5,5,0,20
"3092","Under 3s","Private","Little Beehive Nursery (Kirkcaldy) Limited","Fife","10/07/2024",5,4,5,5,0,19
"3093","Under 3s","Local Authority","Petersburn Family Learning Centre","North Lanarkshire","03/08/2022",5,5,5,5,0,20
"3094","Over 3s","Private","Fun After 3 Club","Glasgow City","13/02/2023",5,5,5,5,0,20
"3095","Over 3s","Local Authority","Linkwood Nursery","Moray","09/05/2022",5,5,5,5,0,20
"3096","Under 3s","Private","The Nature Nursery Montessori Ltd","South Lanarkshire","13/07/2022",5,4,4,5,0,18
"3097","Over 3s","Voluntary or Not for Profit","Can-Do","East Lothian","12/01/2022",5,5,5,5,0,20
"3098","Under 3s","Private","Hollytree Childcare Ltd","South Lanarkshire","15/08/2023",3,4,4,4,0,15
"3099","Under 3s","Private","Busy Bees at Inverurie","Aberdeenshire","24/08/2023",4,3,4,3,1,14
"3100","Under 3s","Voluntary or Not for Profit","Flexible Childcare Services Keith","Moray","26/09/2023",4,4,4,4,0,16
"3101","Under 3s","Local Authority","Logierait Primary School Nursery","Perth & Kinross","06/07/2022",5,5,4,5,0,19
"3102","Under 3s","Private","Little Leapers Nursery School","Angus","31/07/2024",5,5,5,5,0,20
"3103","Over 3s","Private","Cranhill Out of School Care","Glasgow City","09/07/2024",4,4,4,4,0,16
"3104","Under 3s","Private","Heads of Ayr Nursery","South Ayrshire","05/08/2022",4,4,4,4,0,16
"3105","Under 3s","Private","Little Panda's Nursery","Renfrewshire","11/01/2024",4,4,4,4,0,16
"3106","Under 3s","Private","Tender Loving Childcare Centre Ltd","East Dunbartonshire","29/02/2024",5,4,4,4,0,17
"3107","Under 3s","Private","Drumfork Forest School and Out of School","Argyll & Bute","03/11/2022",4,4,4,4,0,16
"3108","Over 3s","Voluntary or Not for Profit","Cheeky Monkeys @ Drumlanrig","Scottish Borders","24/06/2022",4,4,4,4,0,16
"3109","Over 3s","Local Authority","Tingwall Nursery","Shetland Islands","28/09/2022",5,5,4,4,0,18
"3110","Over 3s","Private","BASK (Before & After School Kilmacolm)","Inverclyde","03/08/2022",5,5,5,5,0,20
"3111","Under 3s","Private","Ivy Kindergarten","Glasgow City","20/06/2023",5,4,5,4,0,18
"3112","Under 3s","Voluntary or Not for Profit","Aberlour and Craigellachie Pre School Nursery (SCIO)","Moray","18/01/2024",4,4,4,3,0,15
"3113","Under 3s","Private","Musselburgh Private Nursery Stoneybank Terrace","East Lothian","16/08/2022",4,4,4,4,0,16
"3114","Under 3s","Private","Mini Macs Nursery","Aberdeenshire","01/05/2023",5,5,5,5,0,20
"3115","Under 3s","Private","Just Be Kids Nursery","East Renfrewshire","14/08/2023",4,4,5,4,0,17
"3116","Over 3s","Local Authority","St Mary's Nursery Class","West Lothian","28/11/2023",4,4,4,4,0,16
"3117","Over 3s","Voluntary or Not for Profit","Letham Mains Out of School Club","East Lothian","22/09/2023",5,5,4,4,0,18
"3118","Under 3s","Local Authority","Lairdsland Early Years Centre","East Dunbartonshire","30/07/2024",4,3,4,4,0,15
"3119","Under 3s","Local Authority","Loanhead primary school and early childhood centre","East Ayrshire","19/06/2023",4,5,4,5,0,18
"3120","Over 3s","Voluntary or Not for Profit","Yoker Out of School Service","Glasgow City","20/03/2024",4,4,4,4,0,16
"3121","Over 3s","Private","School's Out Penicuik","Midlothian","27/06/2024",4,4,4,4,1,16
"3122","Over 3s","Local Authority","Lochfield Early Learning and Childcare Centre","Renfrewshire","10/07/2023",5,5,5,5,0,20
"3123","Over 3s","Private","W.I.L.D. Forest School OSC","Glasgow City","15/08/2023",5,5,4,4,0,18
"3124","Over 3s","Voluntary or Not for Profit","FAREplay Nursery","Glasgow City","01/02/2024",2,2,3,2,0,9
"3125","Over 3s","Voluntary or Not for Profit","Notre Dame Primary After School Club","Glasgow City","20/10/2023",3,3,3,3,0,12
"3126","Under 3s","Local Authority","Lightburn Early Learning and Childcare","South Lanarkshire","20/06/2023",4,4,4,5,0,17
"3127","Under 3s","Voluntary or Not for Profit","Puddle Lane","Renfrewshire","15/04/2024",4,3,4,4,0,15
"3128","Over 3s","Local Authority","Kirklandneuk Early Learning and Childcare Centre","Renfrewshire","08/01/2024",5,4,4,5,0,18
"3129","Under 3s","Local Authority","Bearsden Early Years Centre","East Dunbartonshire","12/07/2023",3,3,3,3,0,12
"3130","Under 3s","Voluntary or Not for Profit","Fun Little Education","West Lothian","21/11/2023",3,3,3,3,0,12
"3131","Under 3s","Private","Little Bugs at Fordell Firs","Fife","17/07/2023",5,5,5,4,0,19
"3132","Under 3s","Local Authority","Kilbryde Early Learning and Childcare","South Lanarkshire","11/05/2023",4,5,5,5,0,19
"3133","Over 3s","Local Authority","Overlee Family Centre","East Renfrewshire","23/06/2023",5,5,6,5,0,21
"3134","Under 3s","Voluntary or Not for Profit","Corry Capers","Highland","23/09/2022",5,5,4,4,0,18
"3135","Under 3s","Local Authority","St. Columbkille's Primary Nursery Class","South Lanarkshire","07/07/2023",4,4,5,4,0,17
"3136","Over 3s","Private","Clarkston After School Service (Eaglesham)","East Renfrewshire","10/10/2023",4,5,5,5,0,19
"3137","Under 3s","Private","Chapter One Childcare Dalkeith TreeTops","Midlothian","04/09/2023",4,4,4,4,0,16
"3138","Under 3s","Private","Chapter One Childcare Kirk Brae","City of Edinburgh","13/10/2023",3,3,3,3,0,12
"3139","Under 3s","Private","Chapter One Childcare Shawfair","Midlothian","13/06/2023",4,5,5,5,0,19
"3140","Under 3s","Private","Chapter One Childcare Dalkeith","Midlothian","16/12/2021",4,4,4,4,0,16
"3141","Under 3s","Voluntary or Not for Profit","CALA Beechwood ELC: Inverness College UHI","Highland","04/12/2023",3,3,3,3,0,12
"3142","Over 3s","Private","Just Kiddin Daycare Ltd","Aberdeenshire","24/05/2023",4,4,3,4,0,15
"3143","Over 3s","Private","Courtney @ FAST Chapelhall","North Lanarkshire","25/07/2023",4,4,3,4,0,15
"3144","Under 3s","Voluntary or Not for Profit","Apple Tree Nursery","Argyll & Bute","14/08/2023",5,5,5,5,0,20
"3145","Under 3s","Voluntary or Not for Profit","Hurlford & Crookedholm ELCS (SCIO)","East Ayrshire","22/06/2023",4,4,4,4,0,16
"3146","Over 3s","Private","Fast@Auchinloch","North Lanarkshire","19/06/2023",4,4,3,4,0,15
"3147","Under 3s","Local Authority","Tots & Teens @ Musselburgh Grammar School","East Lothian","26/05/2023",4,5,5,4,0,18
"3148","Over 3s","Local Authority","Stoneyburn Primary School Nursery Class","West Lothian","03/07/2023",5,5,4,5,0,19
"3149","Under 3s","Local Authority","Willow Tree Nursery","Orkney Islands","16/05/2023",4,3,3,3,0,13
"3150","Under 3s","Local Authority","Baluniefield Nursery","Dundee City","26/05/2023",5,4,5,4,0,18
"3151","Over 3s","Private","Oscars @ St. Peter's","Renfrewshire","07/12/2023",4,3,3,3,1,13
"3152","Under 3s","Private","Auchlone Nature Kindergarten","Perth & Kinross","06/06/2023",5,5,5,5,0,20
"3153","Under 3s","Voluntary or Not for Profit","Stableroom Playgroup (SCIO)","City of Edinburgh","26/03/2024",4,5,4,5,0,18
"3154","Over 3s","Private","Westend Adventure Kelvindale","Glasgow City","31/08/2023",3,3,3,3,1,12
"3155","Under 3s","Private","Daisy Chain Nursery School Perth LTD","Perth & Kinross","15/06/2023",4,4,4,4,0,16
"3156","Under 3s","Local Authority","Ladyton Early Education & Childcare Centre","West Dunbartonshire","31/07/2023",5,6,5,5,0,21
"3157","Over 3s","Private","FAB OSC LTD","South Lanarkshire","21/08/2023",4,4,3,4,0,15
"3158","Under 3s","Private","Hopefield Castle Nursery","Midlothian","19/07/2024",3,3,2,2,0,10
"3159","Under 3s","Local Authority","The Links Nursery and Hub","Aberdeen City","21/06/2023",5,5,6,5,0,21
"3160","Over 3s","Local Authority","Silver Birch Outdoor Nursery","Argyll & Bute","17/07/2023",4,4,4,4,0,16
"3161","Over 3s","Private","JAM Afterschool Care","Glasgow City","15/06/2023",3,3,2,3,0,11
"3162","Under 3s","Local Authority","Halbeath Nursery","Fife","20/02/2023",5,5,5,5,0,20
"3163","Under 3s","Local Authority","Frogston Primary Early Learning and Childcare","City of Edinburgh","24/07/2023",4,4,4,4,0,16
"3164","Under 3s","Local Authority","Willowview Early Learning and Childcare","Argyll & Bute","06/07/2023",4,4,4,4,0,16
"3165","Over 3s","Voluntary or Not for Profit","Rookies After School Care","East Dunbartonshire","12/06/2023",4,4,4,4,0,16
"3166","Under 3s","Voluntary or Not for Profit","Treetop Outdoor Nursery","Glasgow City","08/05/2023",4,5,4,4,0,17
"3167","Over 3s","Private","Skoolz Out Mosspark Ltd","Glasgow City","20/11/2023",4,4,4,4,0,16
"3168","Under 3s","Local Authority","Coldside Nursery","Dundee City","01/06/2023",5,5,5,5,0,20
"3169","Under 3s","Private","Wee Macks","City of Edinburgh","01/07/2024",4,3,3,3,1,13
"3170","Under 3s","Private","Kidz Out of School Care","North Lanarkshire","28/04/2023",5,5,5,5,0,20
"3171","Over 3s","Private","Westend Adventure Milngavie","East Dunbartonshire","01/11/2023",2,3,3,3,0,11
"3172","Over 3s","Local Authority","Calderwood Nursery Class","West Lothian","30/05/2023",5,4,4,4,0,17
"3173","Under 3s","Local Authority","Borrowstoun ELC Centre","Falkirk","21/07/2023",5,5,5,5,0,20
"3174","Under 3s","Private","Blue Kangaroo Happy Nursery Ltd","Glasgow City","11/03/2024",4,3,3,3,0,13
"3175","Over 3s","Local Authority","Dargavel Early Learning and Childcare Centre","Renfrewshire","25/01/2024",4,4,4,4,0,16
"3176","Under 3s","Voluntary or Not for Profit","Bright Horizons Day Care Centre","Fife","11/10/2022",5,4,4,4,0,17
"3177","Over 3s","Private","Kirkliston Orchard After School Club","City of Edinburgh","05/02/2024",5,4,4,4,0,17
"3178","Under 3s","Private","Friendship Rainbow","Aberdeenshire","12/06/2023",4,5,4,4,0,17
"3179","Under 3s","Private","Tiptoes Nursery Winchburgh","West Lothian","09/10/2023",4,4,5,4,3,17
"3180","Under 3s","Local Authority","Woodlands Early Learning and Childcare Centre","Falkirk","05/05/2023",5,5,5,5,0,20
"3181","Under 3s","Private","Raising Little Ones","City of Edinburgh","03/08/2023",3,4,3,3,0,13
"3182","Under 3s","Private","Banana Moon Day Nursery Aberdeen International","Aberdeen City","22/09/2023",4,4,4,4,0,16
"3183","Under 3s","Private","Blossom Tree Children's Nursery Limited","City of Edinburgh","13/06/2024",4,4,4,4,0,16
"3184","Over 3s","Private","CK Childcare","Renfrewshire","07/06/2023",5,4,4,5,0,18
"3185","Over 3s","Private","Willow Den at Spartans","City of Edinburgh","05/07/2023",5,5,5,5,0,20
"3186","Under 3s","Private","Carli's Kindergarten Ltd","Renfrewshire","19/05/2023",4,4,4,4,0,16
"3187","Under 3s","Voluntary or Not for Profit","Flexible Childcare Services Scotland (Tillydrone)","Aberdeen City","19/08/2024",5,4,5,4,1,18
"3188","Under 3s","Voluntary or Not for Profit","Renfrewshire Women's Aid SCIO","Renfrewshire",NA,NA,NA,NA,NA,0,0
"3189","Under 3s","Voluntary or Not for Profit","Flexible Childcare Services Scotland (Cummings Park)","Aberdeen City","21/05/2024",4,4,4,4,0,16
"3190","Over 3s","Private","Oganan Bhaile a' Ghobhainn","Glasgow City","05/07/2023",4,3,3,3,0,13
"3191","Under 3s","Private","ACE Place Nursery - Riverside","South Lanarkshire","10/05/2023",4,4,4,4,0,16
"3192","Under 3s","Private","ACE Place OSC - Riverside","South Lanarkshire","05/06/2023",5,5,5,5,0,20
"3193","Over 3s","Private","Lilybank Private Nursery","South Lanarkshire","19/05/2023",4,4,4,4,0,16
"3194","Over 3s","Private","Courtney @ FAST Coatbridge","North Lanarkshire","22/05/2023",4,4,3,4,0,15
"3195","Over 3s","Local Authority","Sgoil-araich Ghlinn Urchadain/ Glenurquhart Primary Gaelic Nursery","Highland",NA,NA,NA,NA,NA,0,0
"3196","Under 3s","Local Authority","Victoria Primary Early Learning and Childcare","City of Edinburgh","22/12/2023",4,4,4,4,0,16
"3197","Under 3s","Private","Vital Sparks Nursery","Aberdeenshire","03/07/2023",5,5,4,4,0,18
"3198","Over 3s","Local Authority","Hazlehead Park Outdoor Nursery","Aberdeen City","27/09/2023",5,5,5,5,0,20
"3199","Under 3s","Local Authority","Duthie Park Outdoor Nursery","Aberdeen City","22/06/2023",5,5,5,5,0,20
"3200","Under 3s","Voluntary or Not for Profit","Haugh of Urr Nursery","Dumfries & Galloway","04/05/2023",5,5,4,4,0,18
"3201","Under 3s","Private","Little Bugs","West Lothian","20/08/2024",5,5,6,5,0,21
"3202","Over 3s","Local Authority","Calderglen Early Learning and Childcare","City of Edinburgh","06/06/2024",5,5,6,5,0,21
"3203","Under 3s","Private","Rockmount Nursery","Glasgow City","28/11/2023",4,4,4,3,0,15
"3204","Over 3s","Private","Dalmahoy Woodland Family First Nurseries Limited","City of Edinburgh","23/07/2024",4,4,4,4,0,16
"3205","Over 3s","Voluntary or Not for Profit","The Dino Club SCIO","Fife",NA,NA,NA,NA,NA,0,0
"3206","Under 3s","Private","Kirktonholme Childcare","Glasgow City",NA,NA,NA,NA,NA,0,0
"3207","Under 3s","Private","Pitreavie Kindergarten","Fife",NA,NA,NA,NA,NA,0,0
"3208","Over 3s","Private","Karemore @ Fintry Primary School","Stirling",NA,NA,NA,NA,NA,0,0
"3209","Under 3s","Voluntary or Not for Profit","Flexible Childcare Services Scotland - Kilmarnock","East Ayrshire","20/03/2024",4,4,4,3,0,15
"3210","Under 3s","Private","The Old School House Family First Nurseries Limited","City of Edinburgh","23/05/2024",3,4,3,3,0,13
"3211","Over 3s","Local Authority","Dalgety Bay Out of School Club","Fife",NA,NA,NA,NA,NA,0,0
"3212","Over 3s","Private","The Wee Childcare Company Ltd - Borrowfield OOSC","Angus","04/07/2024",4,3,3,4,0,14
"3213","Over 3s","Private","Forfar Out of School Club Limited","Angus",NA,NA,NA,NA,NA,0,0
"3214","Over 3s","Private","MACS ST Paul's & Whiteinch","Glasgow City",NA,NA,NA,NA,NA,0,0
"3215","Under 3s","Local Authority","Holy Family Primary School Nursery Class","West Lothian",NA,NA,NA,NA,NA,0,0
"3216","Under 3s","Voluntary or Not for Profit","Reay ELC","Highland","19/06/2024",4,5,4,3,0,16
"3217","Over 3s","Private","MACS Cross Arthurlie","East Renfrewshire",NA,NA,NA,NA,NA,0,0
"3218","Over 3s","Private","Willow Den at The Falkirk Wheel","Falkirk","28/08/2024",5,5,4,5,0,19
"3219","Over 3s","Voluntary or Not for Profit","CALA Ardross ELC","Highland","28/05/2024",3,4,3,3,0,13
"3220","Under 3s","Voluntary or Not for Profit","CALA Fortrose ELC","Highland",NA,NA,NA,NA,NA,0,0
"3221","Over 3s","Local Authority","Kirkcaldy North Out of School Club","Fife",NA,NA,NA,NA,NA,0,0
"3222","Over 3s","Local Authority","Ness Castle Nursery","Highland",NA,NA,NA,NA,NA,0,0
"3223","Over 3s","Private","After the Bell OSC","Glasgow City","28/05/2024",5,5,4,5,0,19
"3224","Under 3s","Local Authority","Saoghal Beag Sgoil raich Uibhist a' Tuath","Na h-Eileanan Siar","10/05/2024",4,5,5,5,0,19
"3225","Under 3s","Local Authority","Canaan Lane Primary Early Learning and Childcare","City of Edinburgh",NA,NA,NA,NA,NA,0,0
"3226","Over 3s","Private","Big Voices @ Garnetbank OOSC","Glasgow City","30/05/2024",5,5,4,4,0,18
"3227","Over 3s","Private","Big Voices @ Anderston OOSC","Glasgow City",NA,NA,NA,NA,NA,0,0
"3228","Under 3s","Local Authority","Nether Currie Primary Early Learning and Childcare","City of Edinburgh","23/04/2024",3,3,4,3,0,13
"3229","Over 3s","Local Authority","Brodick Primary Early Years Class","North Ayrshire","04/12/2023",5,5,5,5,0,20
"3230","Over 3s","Local Authority","St Mark's Primary Nursery Class","South Lanarkshire",NA,NA,NA,NA,NA,0,0
"3231","Under 3s","Private","Big Voices Mobile Creche","Glasgow City",NA,NA,NA,NA,NA,0,0
"3232","Under 3s","Private","Forest Foxes Kindergarten","City of Edinburgh",NA,NA,NA,NA,NA,0,0
"3233","Under 3s","Voluntary or Not for Profit","Harper House Childcare Centre","North Ayrshire","22/11/2023",4,4,4,4,0,16
"3234","Over 3s","Private","Woodland Play Ltd","East Renfrewshire",NA,NA,NA,NA,NA,0,0
"3235","Over 3s","Voluntary or Not for Profit","CALA Croy School Aged Childcare","Highland","19/04/2024",3,4,3,3,0,13
"3236","Under 3s","Local Authority","Hopefield Nursery Class","West Lothian","05/10/2023",4,4,4,4,0,16
"3237","Under 3s","Private","Little Acorns Pre-school Learning Centre","Dumfries & Galloway",NA,NA,NA,NA,NA,0,0
"3238","Over 3s","Private","Applebays Afterschool Liff Ltd","Angus",NA,NA,NA,NA,NA,0,0
"3239","Under 3s","Private","J-LOs EarlyYears","Aberdeenshire","21/08/2024",5,5,5,5,0,20
"3240","Over 3s","Private","Skoolz Out Hillington","Glasgow City","12/07/2024",5,5,5,4,0,19
"3241","Under 3s","Local Authority","Tots & Teens @ Knox Academy","East Lothian","21/08/2024",4,5,4,5,0,18
"3242","Over 3s","Local Authority","Castlehill Out of School Club","Fife",NA,NA,NA,NA,NA,0,0
"3243","Over 3s","Private","Making Memories Childcare Ltd (Out Of School Care)","Renfrewshire",NA,NA,NA,NA,NA,0,0
"3244","Under 3s","Private","Copper Pots Day Nursery","Aberdeen City","29/05/2024",4,4,3,3,0,14
"3245","Over 3s","Voluntary or Not for Profit","Kids Fun House at Rowantree","Dundee City",NA,NA,NA,NA,NA,0,0
"3246","Under 3s","Private","Smiley Stars Nursery - Crosshill","Glasgow City","19/08/2024",4,4,3,3,0,14
"3247","Over 3s","Voluntary or Not for Profit","Baltic Street Adventure Nursery","Glasgow City","07/03/2024",5,4,3,4,0,16
"3248","Over 3s","Private","The Wee Childcare Company Ltd - Carnoustie OOSC","Angus",NA,NA,NA,NA,NA,0,0
"3249","Over 3s","Private","BASK Port Glasgow","Inverclyde",NA,NA,NA,NA,NA,0,0
"3250","Over 3s","Private","GillzlittleGemz Childcare","West Dunbartonshire",NA,NA,NA,NA,NA,0,0
"3251","Under 3s","Private","Ivy In The Park","Glasgow City","03/06/2024",4,4,4,4,0,16
"3252","Over 3s","Private","Spring OSCARS @ Canaan Lane","City of Edinburgh","27/08/2024",3,3,3,3,1,12
"3253","Under 3s","Local Authority","Garelochhead Primary Early Learning and Childcare","Argyll & Bute",NA,NA,NA,NA,NA,0,0
"3254","Over 3s","Private","TTA Out of School Care Ltd","North Lanarkshire",NA,NA,NA,NA,NA,0,0
"3255","Under 3s","Private","Camperdown Nursery","East Lothian",NA,NA,NA,NA,NA,0,0
"3256","Over 3s","Private","Western Isles Wedding & Event Kids Zone.","Na h-Eileanan Siar",NA,NA,NA,NA,NA,0,0
"3257","Over 3s","Private","School's out Clovenfords","Scottish Borders",NA,NA,NA,NA,NA,0,0
"3258","Over 3s","Private","My Ohana IKEA Glasgow","Renfrewshire",NA,NA,NA,NA,NA,0,0
"3259","Over 3s","Private","Tracys OOSC Ltd","Glasgow City",NA,NA,NA,NA,NA,0,0
"3260","Over 3s","Private","Daddy Daycare Stockbridge School","City of Edinburgh",NA,NA,NA,NA,NA,0,0
"3261","Over 3s","Private","Daddy Daycare Newhaven","City of Edinburgh",NA,NA,NA,NA,NA,0,0
"3262","Under 3s","Private","Duns Community Nursery","Scottish Borders","29/07/2024",3,2,2,3,0,10
"3263","Under 3s","Private","Little Acorns Childcare","City of Edinburgh",NA,NA,NA,NA,NA,0,0
"3264","Under 3s","Private","Cherry Tree Nursery","Glasgow City","25/01/2024",4,4,4,4,1,16
"3265","Over 3s","Local Authority","Cammo Forest Kindergarten","City of Edinburgh",NA,NA,NA,NA,NA,0,0
"3266","Over 3s","Local Authority","Hawkhill Forest Kindergarten","City of Edinburgh",NA,NA,NA,NA,NA,0,0
"3267","Over 3s","Local Authority","Queensferry Forest Kindergarten","City of Edinburgh",NA,NA,NA,NA,NA,0,0
"3268","Over 3s","Local Authority","Bonaly Forest Kindergarten","City of Edinburgh","05/06/2024",5,5,5,5,0,20
"3269","Over 3s","Local Authority","Lauriston Castle Forest Kindergarten","City of Edinburgh",NA,NA,NA,NA,NA,1,0
"3270","Over 3s","Local Authority","Corstorphine Hill Forest Kindergarten","City of Edinburgh",NA,NA,NA,NA,NA,0,0
"3271","Over 3s","Local Authority","Newbattle Forest Kindergarten","Midlothian",NA,NA,NA,NA,NA,0,0
"3272","Under 3s","Local Authority","Drymen Nursery","Stirling",NA,NA,NA,NA,NA,0,0
"3273","Over 3s","Private","Spring OSCARS @ South Morningside","City of Edinburgh","02/02/2024",3,3,3,3,0,12
"3274","Under 3s","Private","My Ohana Scottish Parliament Creche","City of Edinburgh",NA,NA,NA,NA,NA,0,0
"3275","Under 3s","Private","High Flyers @ the Church","South Lanarkshire","04/10/2023",4,4,4,4,0,16
"3276","Under 3s","Local Authority","Methilhaven Nursery","Fife","03/06/2024",5,5,5,6,0,21
"3277","Over 3s","Private","My Ohana IKEA Edinburgh","Midlothian",NA,NA,NA,NA,NA,0,0
"3278","Under 3s","Private","Noah's Ark Children's Nursery","Fife",NA,NA,NA,NA,NA,0,0
"3279","Over 3s","Private","Bushcraft Bairns","Perth & Kinross",NA,NA,NA,NA,NA,0,0
"3280","Over 3s","Local Authority","Heatheryburn Schoolage Childcare","Aberdeen City",NA,NA,NA,NA,NA,0,0
"3281","Under 3s","Private","Little Bugs Nursery","Highland",NA,NA,NA,NA,NA,0,0
"3282","Under 3s","Private","Nurtured by Nature Kindergarten","North Lanarkshire",NA,NA,NA,NA,NA,0,0
"3283","Over 3s","Local Authority","Quarrybrae Nursery Class","Glasgow City","07/06/2024",5,5,4,4,0,18
"3284","Under 3s","Private","Jigsaw Childcare (UK) Ltd","West Lothian","23/05/2024",4,4,4,4,0,16
"3285","Over 3s","Local Authority","Capshard Out of School Club","Fife",NA,NA,NA,NA,NA,0,0
"3286","Under 3s","Voluntary or Not for Profit","The Lossie 2-3 Group","Moray","04/06/2024",3,3,3,3,0,12
"3287","Under 3s","Private","Kirkintilloch Nursery","East Dunbartonshire",NA,NA,NA,NA,NA,0,0
"3288","Under 3s","Local Authority","Jackton ELC","South Lanarkshire",NA,NA,NA,NA,NA,0,0
"3289","Under 3s","Local Authority","Countesswells ELC","Aberdeen City","03/07/2024",4,4,4,4,0,16
"3290","Under 3s","Private","Little Trees","Aberdeen City","13/02/2024",3,4,4,4,0,15
"3291","Under 3s","Private","QueensWellies Nursery","Aberdeen City",NA,NA,NA,NA,NA,0,0
"3292","Over 3s","Private","Big Voices @ St Patrick's OOSC","Glasgow City",NA,NA,NA,NA,NA,0,0
"3293","Under 3s","Local Authority","Lochinver Early Learning and Childcare","Highland",NA,NA,NA,NA,NA,0,0
"3294","Over 3s","Private","Crawfurd Road Nursery & OSC","South Lanarkshire",NA,NA,NA,NA,NA,0,0
"3295","Over 3s","Private","MACS Hillview","East Renfrewshire",NA,NA,NA,NA,NA,0,0
"3296","Over 3s","Private","Beith Hive Childcare Ltd","North Ayrshire",NA,NA,NA,NA,NA,0,0
"3297","Under 3s","Private","Teddy Bear Childcare Ltd","Angus","12/08/2024",3,3,3,3,0,12
"3298","Under 3s","Private","Granny Smiths Day Nursery","South Ayrshire",NA,NA,NA,NA,NA,0,0
"3299","Over 3s","Voluntary or Not for Profit","Edinburgh Holiday Hub","City of Edinburgh",NA,NA,NA,NA,NA,0,0
"3300","Over 3s","Private","Killearn Kids Hub","Stirling",NA,NA,NA,NA,NA,0,0
"3301","Over 3s","Private","Inchture Wraparound Childcare","Perth & Kinross",NA,NA,NA,NA,NA,0,0
"3302","Over 3s","Local Authority","Christie Park PS ELCC","West Dunbartonshire",NA,NA,NA,NA,NA,0,0
"3303","Over 3s","Local Authority","Selkirk OOSC","Scottish Borders",NA,NA,NA,NA,NA,0,0
"3304","Over 3s","Private","Cardonald Afterschool Care","Glasgow City",NA,NA,NA,NA,NA,0,0
"3305","Under 3s","Voluntary or Not for Profit","Rocking Horse Nursery SCIO","Aberdeen City",NA,NA,NA,NA,NA,0,0
"3306","Under 3s","Private","Caz's Kiddies In The Country","East Lothian",NA,NA,NA,NA,NA,0,0
"3307","Over 3s","Private","Corstorphine Childcare","City of Edinburgh",NA,NA,NA,NA,NA,0,0
"3308","Under 3s","Private","Lullaby Lane Nurseries at Golf It","Glasgow City",NA,NA,NA,NA,NA,0,0
"3309","Over 3s","Private","Escape to the Story Ltd","South Lanarkshire",NA,NA,NA,NA,NA,0,0
"3310","Over 3s","Private","St Boswells Childcare","Scottish Borders",NA,NA,NA,NA,NA,0,0
"3311","Over 3s","Private","Clarkston After School Service (Giffnock)","East Renfrewshire",NA,NA,NA,NA,NA,0,0
"3312","Under 3s","Private","Blossom Tree Children's Nursery - Fairmilehead","City of Edinburgh",NA,NA,NA,NA,NA,0,0
"3313","Over 3s","Private","Govanhill Nursery","Glasgow City",NA,NA,NA,NA,NA,0,0
"3314","Over 3s","Voluntary or Not for Profit","Yester Adventurers","East Lothian",NA,NA,NA,NA,NA,0,0
"3315","Over 3s","Voluntary or Not for Profit","Ormiston Adventurers","East Lothian",NA,NA,NA,NA,NA,0,0
"3316","Under 3s","Private","Play Away ELC Ltd","Glasgow City",NA,NA,NA,NA,NA,0,0
"3317","Over 3s","Private","Daddy Daycare Roseburn School","City of Edinburgh",NA,NA,NA,NA,NA,0,0
"3318","Under 3s","Private","Wee Gems Armadale","West Lothian",NA,NA,NA,NA,NA,0,0
"3319","Under 3s","Private","Highland Fling Nursery","City of Edinburgh",NA,NA,NA,NA,NA,0,0
"3320","Over 3s","Private","Kids Insight @ Currie Primary School","City of Edinburgh",NA,NA,NA,NA,NA,0,0
"3321","Over 3s","Private","Westerton Nursery","East Dunbartonshire",NA,NA,NA,NA,NA,0,0
"3322","Over 3s","Private","Daddy Daycare Frogston","City of Edinburgh",NA,NA,NA,NA,NA,0,0
"3323","Under 3s","Private","Little Me Nursery Temple","Glasgow City",NA,NA,NA,NA,NA,0,0
"3324","Over 3s","Local Authority","Orchard Brae School Age Childcare","Aberdeen City",NA,NA,NA,NA,NA,0,0
"3325","Over 3s","Private","Skoolz Out Penilee","Glasgow City",NA,NA,NA,NA,NA,0,0
"3326","Under 3s","Private","Sunshine Nursery","Fife",NA,NA,NA,NA,NA,0,0
"3327","Over 3s","Voluntary or Not for Profit","The Yard Holiday Support - Edinburgh","City of Edinburgh",NA,NA,NA,NA,NA,0,0
"3328","Under 3s","Voluntary or Not for Profit","Aberdeen Lads Club Community Project","Aberdeen City",NA,NA,NA,NA,NA,0,0
"3329","Over 3s","Local Authority","Manor Park School Age Childcare","Aberdeen City",NA,NA,NA,NA,NA,0,0
"3330","Over 3s","Private","Lanarkshire Childcare Services","North Lanarkshire","12/08/2024",4,4,4,4,0,16
"3331","Under 3s","Private","ABC Nursery Above and Beyond Childcare","Perth & Kinross",NA,NA,NA,NA,NA,0,0
"3332","Over 3s","Private","Puddleducks Outdoor Nursery","Aberdeenshire",NA,NA,NA,NA,NA,0,0
"3333","Over 3s","Local Authority","Sgoil-raich Inbhir Pheofharain","Highland",NA,NA,NA,NA,NA,0,0
"3334","Over 3s","Private","Popin Afterschool Den","Glasgow City",NA,NA,NA,NA,NA,0,0
"3335","Under 3s","Voluntary or Not for Profit","Playden Nursery","Highland",NA,NA,NA,NA,NA,0,0
"3336","Over 3s","Voluntary or Not for Profit","Barassie hub - Schools Out","South Ayrshire",NA,NA,NA,NA,NA,0,0
"3337","Under 3s","Private","Rosebuds Daycare (Inverness / Nairn)","Highland",NA,NA,NA,NA,NA,0,0
"3338","Over 3s","Private","Daddy Daycare Davidson's Mains","City of Edinburgh",NA,NA,NA,NA,NA,0,0
"3339","Under 3s","Private","The High Street Nursery - Lauder","Scottish Borders",NA,NA,NA,NA,NA,0,0
"3340","Under 3s","Voluntary or Not for Profit","Ormiston Explorers","East Lothian",NA,NA,NA,NA,NA,0,0
"3341","Over 3s","Private","The Club@Kintore","Aberdeenshire",NA,NA,NA,NA,NA,0,0
"3342","Over 3s","Private","After 3 Osc","Glasgow City",NA,NA,NA,NA,NA,0,0
"3343","Over 3s","Private","Kilgraston Preschool","Perth & Kinross",NA,NA,NA,NA,NA,0,0
"3344","Under 3s","Private","Ivy Kindergarten @ The Meadows","City of Edinburgh",NA,NA,NA,NA,NA,0,0
"3345","Under 3s","Private","Kidsize Kingswells Playgroup","Aberdeen City",NA,NA,NA,NA,NA,0,0
"3346","Over 3s","Local Authority","Abbey View Early Learning and Childcare Centre","Angus",NA,NA,NA,NA,NA,0,0
"3347","Over 3s","Private","Midstocket Out Of School Club","Aberdeen City",NA,NA,NA,NA,NA,0,0
"3348","Under 3s","Voluntary or Not for Profit","Indigo @Toybox Nursery","South Lanarkshire",NA,NA,NA,NA,NA,0,0
"3349","Over 3s","Private","Kidzworld Out of School Club Stirling","Stirling",NA,NA,NA,NA,NA,0,0
"3350","Under 3s","Private","Puddleduck Nursery","Perth & Kinross",NA,NA,NA,NA,NA,0,0
"3351","Over 3s","Private","Kids Academy OOSC Auchterellon","Aberdeenshire",NA,NA,NA,NA,NA,0,0
"3352","Over 3s","Private","The Club@Ellon","Aberdeenshire",NA,NA,NA,NA,NA,0,0
"3353","Under 3s","Private","Beech House Nursery","Aberdeen City",NA,NA,NA,NA,NA,0,0
"3354","Over 3s","Voluntary or Not for Profit","Capability Scotland Holiday Hub","City of Edinburgh",NA,NA,NA,NA,NA,0,0
"3355","Over 3s","Private","Smart Kids Out of School Care Ltd","North Lanarkshire",NA,NA,NA,NA,NA,0,0
"3356","Over 3s","Private","Greenhill Outdoor Nursery","South Lanarkshire",NA,NA,NA,NA,NA,0,0
"3357","Under 3s","Private","Learn and Grow Childcare","Dundee City",NA,NA,NA,NA,NA,0,0
"3358","Over 3s","Private","School's Out Melrose","Scottish Borders",NA,NA,NA,NA,NA,0,0
"3359","Over 3s","Voluntary or Not for Profit","Pitmedden Out of School Club","Aberdeenshire",NA,NA,NA,NA,NA,0,0
"3360","Over 3s","Voluntary or Not for Profit","Banchory Out of School Club","Aberdeenshire",NA,NA,NA,NA,NA,0,0
"3361","Under 3s","Local Authority","Wooddean ELC","South Lanarkshire",NA,NA,NA,NA,NA,0,0
"3362","Over 3s","Private","Craigy ASC","City of Edinburgh",NA,NA,NA,NA,NA,0,0
"3363","Over 3s","Private","Kidz Out of School Care 2","North Lanarkshire",NA,NA,NA,NA,NA,0,0
"3364","Over 3s","Private","Great Western @ PL3","Aberdeenshire",NA,NA,NA,NA,NA,0,0
"3365","Over 3s","Private","Great Western Out of School Club @ Westhill","Aberdeenshire",NA,NA,NA,NA,NA,0,0
"3366","Over 3s","Private","Kids Academy OOSC Balmedie","Aberdeenshire",NA,NA,NA,NA,NA,0,0
"3367","Under 3s","Local Authority","St John's Nursery Class","East Renfrewshire",NA,NA,NA,NA,NA,0,0
"3368","Over 3s","Local Authority","Easthouses Primary School Nursery","Midlothian",NA,NA,NA,NA,NA,0,0
"3369","Over 3s","Private","Newport-On-Tay After School Club","Fife",NA,NA,NA,NA,NA,0,0
"3370","Under 3s","Private","Wild Wellies Kindergarten Ltd","Stirling",NA,NA,NA,NA,NA,0,0
"3371","Under 3s","Local Authority","Pennywell Early Learning and Childcare","City of Edinburgh",NA,NA,NA,NA,NA,0,0
"3372","Over 3s","Voluntary or Not for Profit","Bervie Kids Club","Aberdeenshire",NA,NA,NA,NA,NA,0,0
"3373","Under 3s","Private","Auld Kirk Nursery","East Renfrewshire",NA,NA,NA,NA,NA,0,0
"3374","Under 3s","Private","Elle's ELC","Aberdeenshire",NA,NA,NA,NA,NA,0,0
"3375","Under 3s","Local Authority","Montgomery Park Primary Early Years Class","North Ayrshire",NA,NA,NA,NA,NA,0,0
"3376","Under 3s","Local Authority","Marress House Early Years Centre","North Ayrshire",NA,NA,NA,NA,NA,0,0
"3377","Under 3s","Private","Little Wonderland Nursery Ltd","Dumfries & Galloway",NA,NA,NA,NA,NA,0,0
"3378","Over 3s","Private","GX Club Brightons","Falkirk",NA,NA,NA,NA,NA,0,0
"3379","Over 3s","Voluntary or Not for Profit","The Forest Nursery at Merchiston","City of Edinburgh",NA,NA,NA,NA,NA,0,0
